Protein,AT3G06290,AT3G06290,AT3G06290,AT3G06290,WT
AT5G52040,535,851,862,595,230
AT4G25500,375,663,623,411,184
AT3G06290,245,391,345,263,0
AT3G08590,196,292,290,188,197
AT3G44310,183,908,695,195,188
AT4G35630,175,251,208,170,192
AT4G10320,123,94,73,123,119
AT1G48120,109,116,89,114,121
ATCG00490,108,145,121,125,111
AT2G17630,104,150,129,115,135
AT1G19480,101,121,125,94,112
AT1G64880,84,74,56,101,80
AT1G79280,80,65,59,59,37
AT1G71220,76,76,60,71,75
AT3G44690,75,78,41,68,78
AT2G29550,72,121,95,78,62
AT3G15730,72,101,72,75,69
AT5G02500,70,90,76,96,59
AT5G62690,70,122,97,77,60
AT5G62700,70,122,97,77,60
AT5G11710,67,57,52,69,69
AT5G23860,67,118,91,74,57
AT1G09780,65,119,100,65,64
AT1G52570,65,71,42,67,59
AT3G09440,65,87,68,82,52
AT4G20850,64,70,51,57,53
AT3G45140,63,53,44,50,46
AT5G26000,62,59,62,53,64
AT5G44340,60,110,85,70,49
AT1G56070,59,71,60,72,51
AT5G65770,59,55,48,48,69
AT4G20890,57,106,83,65,49
AT3G09840,56,74,56,68,65
AT1G67090,54,72,72,48,41
AT5G35200,53,60,53,60,54
AT1G69830,52,67,59,64,56
AT1G70320,51,78,49,51,43
AT5G12250,51,80,62,55,46
AT5G28540,51,49,44,60,45
AT5G26710,50,46,42,68,60
AT5G38420,50,82,79,44,45
AT2G21390,48,47,43,53,42
AT1G04820,47,47,48,52,42
AT1G50010,47,47,48,52,42
AT4G14960,47,50,49,51,41
AT5G02490,47,60,39,51,36
AT5G03340,47,61,44,54,54
AT5G42020,47,49,45,59,49
AT1G20010,46,79,63,55,42
AT1G29900,46,30,22,44,35
AT2G05120,46,46,35,43,56
AT2G20580,46,45,49,55,35
AT1G55490,45,58,43,54,40
AT1G75780,45,70,57,48,39
AT1G36160,44,61,43,46,39
AT1G80070,44,65,41,47,35
AT3G52930,44,34,30,48,49
AT4G23920,44,38,36,33,43
AT1G78570,43,41,31,33,38
AT2G40660,43,34,29,53,47
AT3G03540,43,57,54,52,43
AT5G19770,43,43,39,45,38
AT5G19780,43,43,39,45,38
AT5G25980,43,30,28,40,49
AT1G62020,42,41,40,47,41
AT2G04030,42,46,36,48,29
AT3G57560,42,86,79,61,39
AT1G20960,41,43,32,38,25
AT1G53750,41,43,38,40,39
AT3G13470,41,61,45,51,42
AT5G20000,41,41,37,43,35
AT2G38040,40,38,32,43,32
AT5G09810,40,61,63,46,40
AT5G19990,40,42,38,43,35
AT5G56010,40,45,35,45,34
AT5G38430,39,66,54,33,34
AT5G56030,39,43,34,44,33
AT1G49240,38,57,60,40,34
AT1G57720,38,30,34,44,36
AT2G36880,38,38,34,49,41
AT3G18780,38,57,60,40,34
AT3G56150,38,49,37,38,35
AT4G28470,38,45,35,35,32
AT4G34450,38,40,35,31,24
AT5G63840,38,30,24,32,40
AT1G71080,37,38,35,30,37
AT2G28000,37,46,35,43,28
AT2G39730,37,43,38,51,38
AT3G12110,37,51,57,38,31
AT3G26650,37,34,36,41,31
AT4G13940,37,30,32,33,33
AT1G52400,36,33,18,30,40
AT2G37620,36,54,57,33,29
AT3G11910,36,32,24,41,31
AT3G53750,36,54,57,33,29
AT4G11420,36,50,41,37,26
AT4G24280,36,38,37,35,23
AT5G20830,36,36,29,36,41
AT1G55860,35,47,30,34,29
AT1G78900,35,35,33,42,34
AT3G12580,35,52,42,50,32
AT3G44320,35,68,65,33,32
AT4G29040,35,34,30,29,24
AT5G27640,35,36,30,28,28
AT5G36880,35,28,19,33,40
AT5G43990,35,30,24,34,38
AT5G56000,35,37,31,40,29
AT1G15750,34,26,27,33,42
AT1G80410,34,29,22,42,33
AT2G20140,34,35,30,28,25
AT2G29560,34,39,36,45,35
AT3G23990,34,36,32,40,34
AT5G09650,34,29,20,30,36
AT3G04120,33,29,25,30,30
AT3G09880,33,36,21,40,37
AT3G44300,33,46,37,28,30
AT5G58290,33,44,32,35,30
AT1G13440,32,28,24,29,29
AT1G53310,32,27,18,23,23
AT3G46520,32,48,53,35,28
AT5G17920,32,27,20,27,22
AT5G59370,32,49,53,35,27
AT5G66190,32,24,20,26,24
ATCG00480,32,33,24,30,25
AT1G07920,31,41,36,40,32
AT1G07930,31,41,36,40,32
AT1G07940,31,41,36,40,32
AT1G54270,31,35,28,28,22
AT1G65010,31,48,28,25,36
AT2G39800,31,36,28,41,34
AT3G05530,31,36,30,34,30
AT3G60750,31,22,20,25,27
AT5G60390,31,41,36,40,32
AT1G42970,30,28,27,30,22
AT1G64740,30,29,24,30,24
AT1G65440,30,28,28,23,16
AT3G13920,30,33,28,28,21
AT3G17390,30,31,29,36,31
AT3G55870,30,19,15,24,19
AT1G05460,29,31,27,31,30
AT1G09640,29,23,22,34,25
AT2G05920,29,18,18,29,31
AT2G28290,29,36,24,29,33
AT2G32730,29,37,28,36,26
AT2G36530,29,30,24,34,27
AT4G16143,29,37,30,36,19
AT4G31480,29,29,25,31,24
AT4G31490,29,29,24,34,22
AT5G25780,29,39,35,28,31
AT5G26360,29,44,33,38,32
AT5G49910,29,27,31,33,19
AT5G56290,29,25,19,28,26
AT5G56500,29,38,32,39,32
AT1G12900,28,27,26,29,23
AT2G14120,28,29,18,28,22
AT2G19560,28,42,29,32,0
AT3G14790,28,29,19,26,27
AT3G57290,28,33,25,25,29
AT3G59770,28,39,28,35,9
AT4G37800,28,28,30,25,29
AT5G20890,28,44,35,37,31
AT5G56360,28,27,22,29,30
AT1G20200,27,29,28,30,29
AT1G53500,27,30,19,22,28
AT1G78580,27,30,22,32,35
AT2G33210,27,33,29,34,28
AT2G34160,27,35,40,28,29
AT2G46020,27,40,21,32,24
AT2G46280,27,32,26,31,27
AT3G18190,27,29,26,27,26
AT3G55610,27,31,21,33,30
AT5G02790,27,19,25,30,21
AT5G43960,27,22,19,32,20
AT1G02500,26,30,25,33,27
AT1G80490,26,27,24,23,32
AT2G23390,26,19,17,27,26
AT2G36460,26,19,19,29,30
AT3G02530,26,30,21,29,26
AT4G01850,26,26,26,33,27
AT4G29270,26,38,28,32,26
AT5G04140,26,30,15,23,23
AT5G11170,26,37,29,37,25
AT5G16070,26,26,22,28,22
AT5G35360,26,27,27,32,25
AT5G48300,26,27,18,22,21
ATCG00120,26,21,18,21,22
AT1G09100,25,29,25,25,24
AT1G20620,25,30,21,27,24
AT1G24510,25,29,22,29,24
AT1G29250,25,41,45,34,28
AT1G68560,25,22,12,21,25
AT2G42600,25,25,18,24,29
AT3G03530,25,24,25,24,23
AT3G03960,25,31,27,25,22
AT3G23810,25,21,22,24,22
AT3G63460,25,27,25,29,20
AT4G37930,25,19,15,21,19
AT5G35630,25,30,16,21,22
AT5G59810,25,21,13,18,25
AT5G65730,25,26,17,30,28
AT1G06220,24,28,22,29,21
AT1G29150,24,35,35,25,22
AT1G45000,24,31,17,28,27
AT1G60900,24,23,12,17,14
AT1G79920,24,33,14,27,22
AT3G29360,24,25,20,22,22
AT4G28980,24,22,20,21,19
AT4G35090,24,23,16,23,14
AT5G06600,24,25,21,24,17
AT5G15490,24,21,20,18,18
AT5G40270,24,17,18,21,23
AT5G43010,24,30,16,29,27
AT1G64520,23,20,20,18,14
AT2G21330,23,15,14,17,19
AT3G13490,23,26,23,31,22
AT4G37910,23,30,24,32,26
AT4G38970,23,20,16,21,26
AT5G24710,23,30,25,26,12
AT1G04810,22,29,24,23,22
AT1G20020,22,20,16,28,27
AT1G30230,22,36,24,25,21
AT1G43170,22,29,25,18,21
AT1G52360,22,30,24,21,17
AT1G52410,22,19,21,24,30
AT1G79990,22,24,17,15,12
AT2G17360,22,31,23,24,21
AT3G01310,22,23,21,19,16
AT3G03780,22,19,14,16,15
AT3G09820,22,28,24,29,21
AT3G11830,22,25,20,22,18
AT3G12915,22,23,18,27,16
AT4G33010,22,23,14,32,26
AT5G03300,22,24,24,28,17
AT5G07090,22,31,0,24,21
AT5G08450,22,27,22,23,28
AT1G06410,21,23,15,23,14
AT1G18450,21,24,17,25,19
AT1G20630,21,22,15,20,17
AT1G47128,21,19,17,12,16
AT1G72370,21,18,16,16,20
AT1G75990,21,25,22,23,20
AT1G79930,21,28,13,25,23
AT2G27040,21,18,13,15,13
AT3G20050,21,24,23,27,26
AT3G58610,21,13,10,12,19
AT4G11790,21,21,13,20,0
AT5G22780,21,25,20,22,13
AT5G43940,21,14,12,15,19
AT5G58420,21,30,24,23,20
AT5G63110,21,14,17,20,21
AT1G52030,20,26,17,22,25
AT3G01780,20,32,18,20,15
AT3G15980,20,26,23,20,14
AT3G19170,20,18,11,12,15
AT3G22110,20,17,16,21,22
AT3G29410,20,22,20,20,18
AT5G08670,20,19,17,22,25
AT5G08680,20,19,17,22,25
AT5G08690,20,19,17,22,25
AT5G09590,20,21,18,25,22
AT5G22770,20,24,19,21,12
AT5G39320,20,20,19,17,16
AT5G65910,20,18,13,12,14
AT1G07890,19,28,23,21,18
AT1G13880,19,23,16,12,22
AT1G21630,19,20,19,17,19
AT1G72730,19,23,18,18,15
AT2G07698,19,13,16,14,17
AT3G02200,19,20,16,16,16
AT3G07770,19,21,16,23,19
AT3G12145,19,18,14,17,21
AT3G12780,19,19,13,20,18
AT3G14120,19,17,17,20,25
AT4G13930,19,20,13,18,15
AT4G31990,19,17,13,17,22
AT5G20290,19,19,19,18,17
AT5G60790,19,26,16,19,17
ATCG00500,19,22,19,20,16
ATMG01190,19,13,16,14,17
AT1G18080,18,19,13,15,14
AT1G23310,18,22,21,21,23
AT1G65930,18,11,7,13,17
AT3G06720,18,24,20,22,11
AT3G09630,18,22,14,16,18
AT3G14940,18,16,12,15,15
AT3G42170,18,21,21,18,19
AT3G54930,18,21,8,12,18
AT3G57410,18,22,19,25,10
AT3G58510,18,27,20,25,18
AT3G59970,18,21,13,24,16
AT3G60240,18,25,15,21,21
AT4G24820,18,18,17,17,18
AT5G03470,18,19,9,23,19
AT5G19550,18,26,18,9,12
AT5G50920,18,19,16,18,15
AT5G56740,18,13,16,16,17
AT1G21750,17,17,13,21,16
AT2G19070,17,18,12,16,20
AT2G33340,17,17,14,11,15
AT2G34730,17,20,20,18,21
AT3G16470,17,17,15,15,19
AT3G22960,17,13,14,21,16
AT3G56090,17,10,8,9,10
AT4G04910,17,20,13,15,8
AT4G33650,17,20,17,17,13
AT4G33680,17,25,14,18,18
AT4G38510,17,22,20,21,16
AT4G38680,17,15,13,17,18
AT5G16730,17,26,20,14,17
AT5G23540,17,22,17,17,15
AT5G25754,17,22,19,15,19
AT5G25757,17,22,19,15,19
AT5G27030,17,10,10,17,14
AT5G45620,17,18,13,17,11
AT5G46070,17,25,15,17,17
AT5G58040,17,15,12,19,27
AT5G67630,17,17,13,14,13
AT1G09270,16,17,15,20,7
AT1G10840,16,18,12,14,11
AT1G12780,16,13,15,9,15
AT1G18500,16,15,11,13,9
AT1G20260,16,23,17,21,17
AT1G32060,16,18,14,14,15
AT1G33410,16,10,4,9,2
AT1G56190,16,12,11,14,16
AT1G60200,16,7,0,8,17
AT1G65960,16,19,20,21,15
AT1G76030,16,23,17,21,17
AT2G07360,16,23,17,20,13
AT2G23350,16,16,12,25,16
AT2G26080,16,19,12,26,19
AT2G33150,16,15,14,11,18
AT2G37690,16,9,17,16,6
AT2G41840,16,18,12,13,13
AT2G43770,16,13,10,15,13
AT3G25860,16,9,11,10,15
AT3G44110,16,20,11,19,10
AT4G02480,16,20,9,14,14
AT4G05420,16,24,12,15,12
AT4G24510,16,12,9,19,15
AT5G02870,16,23,15,17,17
AT5G15650,16,16,10,12,14
AT5G22330,16,21,20,21,17
AT5G42790,16,18,14,18,15
AT1G09210,15,11,2,8,9
AT1G23800,15,13,6,3,16
AT1G27090,15,15,11,20,17
AT1G63660,15,13,12,21,13
AT1G75940,15,7,8,12,15
AT1G80480,15,18,17,18,12
AT2G13360,15,10,8,10,10
AT2G22125,15,24,15,19,6
AT2G31810,15,8,8,14,10
AT2G41740,15,20,18,25,10
AT3G01500,15,19,11,16,17
AT3G13860,15,21,14,17,11
AT3G13930,15,15,13,10,15
AT3G16830,15,10,12,13,19
AT3G48870,15,20,16,15,14
AT3G55200,15,14,11,9,6
AT3G55220,15,14,11,9,6
AT3G58110,15,13,11,11,17
AT3G58500,15,14,11,15,14
AT4G08390,15,11,14,14,13
AT4G20980,15,13,9,17,8
AT4G24190,15,24,23,19,17
AT4G36690,15,13,5,10,8
AT4G38130,15,14,14,20,16
AT5G01600,15,18,12,11,11
AT5G05010,15,18,11,13,14
AT5G09900,15,20,11,16,10
AT5G10360,15,16,10,12,12
AT5G13520,15,12,9,11,13
AT5G28840,15,10,6,12,16
AT5G36160,15,14,11,7,13
AT5G61780,15,12,12,18,14
AT5G67360,15,11,6,9,15
AT1G21700,14,14,12,10,11
AT1G48630,14,12,11,11,12
AT1G60710,14,13,7,12,14
AT1G62750,14,11,6,10,17
AT1G74050,14,16,12,11,15
AT1G74060,14,16,12,11,15
AT2G16600,14,11,13,11,14
AT2G19520,14,12,10,10,15
AT2G31610,14,21,16,17,16
AT2G42100,14,29,37,18,14
AT2G42500,14,12,11,15,11
AT3G02230,14,15,11,17,14
AT3G02520,14,23,17,16,13
AT3G05900,14,23,23,25,23
AT3G08530,14,21,10,14,8
AT3G11630,14,17,11,15,11
AT3G13300,14,21,13,10,13
AT3G14067,14,19,13,14,14
AT3G14240,14,9,8,13,11
AT3G18060,14,10,12,12,7
AT3G27740,14,14,8,14,13
AT3G51260,14,14,7,13,14
AT3G53030,14,18,14,14,4
AT3G53870,14,20,14,17,16
AT3G55410,14,11,5,8,14
AT3G60770,14,20,19,8,8
AT3G60830,14,17,15,15,10
AT3G62530,14,10,11,14,14
AT4G00100,14,20,19,8,8
AT4G01290,14,3,3,15,24
AT4G20360,14,24,19,23,16
AT4G33250,14,16,10,16,11
AT4G34360,14,12,11,15,10
AT5G11520,14,16,14,14,11
AT5G16050,14,18,18,17,12
AT5G19370,14,11,6,10,10
AT5G26742,14,10,9,13,5
AT5G35590,14,14,12,13,10
AT5G38480,14,16,14,15,15
AT5G52920,14,12,11,15,14
AT5G66760,14,13,9,10,13
AT1G01090,13,15,8,9,14
AT1G04410,13,22,15,16,17
AT1G04690,13,7,4,10,7
AT1G08520,13,16,16,15,16
AT1G09340,13,8,8,9,13
AT1G15930,13,11,10,10,9
AT1G19570,13,12,7,11,12
AT1G26630,13,14,11,15,10
AT1G48600,13,12,11,10,15
AT1G50370,13,15,9,12,8
AT1G56450,13,14,9,13,11
AT1G58380,13,12,11,13,11
AT1G58684,13,12,11,13,11
AT1G58983,13,12,11,13,11
AT1G59359,13,12,11,13,11
AT1G78300,13,17,14,14,12
AT2G01140,13,15,10,14,15
AT2G18110,13,19,11,21,11
AT2G21660,13,11,10,15,15
AT2G24200,13,12,10,9,15
AT2G27170,13,25,23,20,22
AT2G28470,13,12,6,12,14
AT2G39990,13,19,12,15,11
AT2G42520,13,16,15,19,14
AT2G47240,13,17,8,14,16
AT3G14420,13,17,10,10,11
AT3G18000,13,13,11,13,14
AT3G19760,13,16,16,21,11
AT3G19980,13,14,8,12,8
AT3G23600,13,16,8,12,12
AT3G57610,13,9,8,14,10
AT4G03430,13,16,12,10,18
AT4G09000,13,17,15,23,16
AT4G10340,13,11,9,13,12
AT4G24580,13,22,16,25,7
AT4G34200,13,13,7,12,11
AT5G06290,13,14,11,13,9
AT5G07410,13,16,10,15,12
AT5G14240,13,21,13,16,18
AT5G20010,13,17,12,13,11
AT5G26830,13,13,5,8,13
AT5G49460,13,17,13,12,12
AT5G60100,13,14,15,14,24
AT5G64070,13,11,8,15,22
AT5G66420,13,23,24,20,15
AT1G02080,12,29,17,20,11
AT1G12000,12,10,9,12,12
AT1G17745,12,8,9,11,14
AT1G18540,12,11,8,7,13
AT1G22300,12,16,11,16,12
AT1G30460,12,6,5,13,10
AT1G30620,12,13,12,8,16
AT1G30630,12,18,10,17,8
AT1G47250,12,13,9,10,14
AT1G49760,12,12,10,15,10
AT1G52040,12,11,9,7,8
AT1G69940,12,13,9,14,12
AT1G73380,12,15,13,19,15
AT2G01250,12,19,12,12,15
AT2G01970,12,8,7,9,16
AT2G21170,12,6,5,5,8
AT2G27020,12,11,10,12,13
AT2G27600,12,13,12,9,7
AT2G28790,12,7,9,10,9
AT2G44160,12,12,8,12,7
AT2G45810,12,16,13,15,10
AT3G04840,12,14,10,18,16
AT3G11130,12,21,10,16,8
AT3G13460,12,17,12,17,15
AT3G15880,12,11,10,17,15
AT3G47520,12,9,14,14,11
AT3G48000,12,9,10,8,10
AT3G48560,12,15,11,11,12
AT3G48930,12,11,9,8,8
AT3G54660,12,7,5,9,19
AT3G55800,12,11,8,11,7
AT4G02930,12,12,12,13,10
AT4G03190,12,11,4,10,10
AT4G16130,12,21,12,14,9
AT4G21280,12,13,11,11,11
AT4G34110,12,21,17,15,12
AT5G14170,12,16,14,19,14
AT5G15070,12,10,8,10,8
AT5G15200,12,16,17,13,10
AT5G20200,12,21,4,14,0
AT5G39570,12,17,9,10,13
AT5G40450,12,14,11,15,9
AT5G44320,12,13,8,17,7
AT5G46290,12,16,9,14,10
AT5G48880,12,15,13,12,13
AT5G50850,12,10,10,13,11
AT5G54440,12,16,11,16,7
AT5G59290,12,12,4,8,6
AT5G62790,12,10,10,11,15
AT5G66140,12,12,6,12,12
AT1G03630,11,14,11,17,12
AT1G08200,11,13,8,9,9
AT1G09620,11,20,20,14,7
AT1G11860,11,15,11,16,13
AT1G13060,11,9,6,8,9
AT1G18270,11,6,3,5,8
AT1G22410,11,10,7,11,8
AT1G27400,11,13,7,7,5
AT1G33120,11,15,10,12,15
AT1G33140,11,15,10,12,15
AT1G49670,11,5,5,8,13
AT1G50480,11,9,4,6,5
AT1G59760,11,12,9,11,10
AT1G67430,11,13,7,7,5
AT2G05710,11,10,8,9,11
AT2G05840,11,11,12,11,11
AT2G05990,11,7,3,14,12
AT2G16940,11,18,12,11,11
AT2G20420,11,7,6,6,10
AT2G24270,11,13,10,12,13
AT2G27710,11,16,6,18,12
AT2G30050,11,9,11,12,6
AT2G32080,11,6,6,9,9
AT2G38770,11,9,8,9,7
AT2G47110,11,16,10,11,7
AT2G47510,11,16,11,13,10
AT2G47610,11,18,13,11,14
AT3G02110,11,22,12,15,15
AT3G06650,11,13,12,11,14
AT3G09200,11,17,12,11,10
AT3G18130,11,10,12,13,12
AT3G42850,11,16,13,10,14
AT3G50590,11,20,8,7,9
AT3G54670,11,17,15,11,10
AT3G60820,11,8,9,11,7
AT3G61860,11,25,17,14,10
AT3G62250,11,16,10,11,7
AT3G62870,11,19,12,10,14
AT4G04640,11,17,13,10,14
AT4G09510,11,8,8,12,4
AT4G13430,11,8,7,10,14
AT4G16390,11,18,12,10,6
AT4G18040,11,11,7,13,17
AT4G18480,11,7,13,12,14
AT4G21650,11,9,4,8,10
AT4G27440,11,11,13,13,10
AT4G31700,11,12,10,10,10
AT4G38630,11,13,11,12,11
AT5G05780,11,12,10,17,9
AT5G10540,11,8,6,4,13
AT5G15610,11,13,10,12,9
AT5G24420,11,10,10,11,9
AT5G26860,11,13,8,10,5
AT5G43060,11,13,11,11,11
AT5G43330,11,15,14,14,13
AT5G44635,11,5,7,9,7
AT5G47870,11,6,3,5,10
AT5G57655,11,11,9,10,8
AT5G58230,11,17,10,11,11
AT5G58330,11,10,7,9,9
AT5G64370,11,11,8,15,9
AT5G66570,11,10,8,9,9
AT5G67320,11,13,11,16,8
ATCG00170,11,12,5,7,4
AT1G01100,10,15,8,5,6
AT1G03475,10,7,5,12,14
AT1G07360,10,9,11,7,8
AT1G12310,10,9,8,13,9
AT1G21540,10,9,8,8,7
AT1G35160,10,14,11,14,12
AT1G50200,10,13,3,10,11
AT1G53850,10,14,14,11,11
AT1G59830,10,9,7,7,5
AT1G67230,10,18,11,13,12
AT1G74040,10,11,7,8,4
AT1G74960,10,7,8,12,8
AT1G76010,10,13,7,13,15
AT1G79210,10,12,10,12,9
AT2G04280,10,8,9,10,12
AT2G18020,10,15,8,13,9
AT2G27530,10,10,9,6,6
AT2G27860,10,10,7,8,10
AT2G34970,10,17,13,13,10
AT2G44120,10,17,10,8,8
AT2G46610,10,25,18,14,8
AT2G47330,10,6,4,10,13
AT3G01340,10,10,8,10,11
AT3G02090,10,6,3,5,6
AT3G03950,10,15,11,13,11
AT3G14290,10,13,13,12,13
AT3G25810,10,8,7,7,3
AT3G28980,10,11,4,9,9
AT3G49250,10,5,5,7,6
AT3G54050,10,4,5,9,8
AT3G54760,10,9,11,13,11
AT3G55760,10,4,5,9,16
AT3G56860,10,5,5,8,6
AT3G61240,10,15,17,13,14
AT3G62830,10,4,6,8,9
AT4G00570,10,8,7,13,6
AT4G01310,10,13,9,9,5
AT4G01370,10,8,6,11,2
AT4G08350,10,14,10,13,9
AT4G11820,10,9,7,10,7
AT4G18240,10,12,8,5,6
AT4G19006,10,14,16,11,12
AT4G21710,10,13,8,11,5
AT4G24800,10,10,12,11,5
AT4G31180,10,12,5,9,12
AT4G39260,10,11,9,9,9
AT4G39980,10,12,10,12,10
AT5G01410,10,11,8,8,8
AT5G06850,10,13,11,12,14
AT5G12950,10,4,2,4,6
AT5G14740,10,12,7,10,8
AT5G19510,10,16,15,9,14
AT5G20020,10,12,9,11,11
AT5G22060,10,14,7,11,7
AT5G26780,10,7,5,5,8
AT5G35530,10,17,12,15,12
AT5G35980,10,10,7,9,16
AT5G37510,10,8,8,6,12
AT5G47690,10,9,8,8,5
AT5G48230,10,8,5,10,11
AT5G51200,10,8,4,8,0
AT5G54160,10,8,6,13,12
AT1G02150,9,10,8,9,5
AT1G03130,9,8,3,7,7
AT1G08360,9,12,7,4,7
AT1G09310,9,8,10,10,9
AT1G16470,9,12,9,12,8
AT1G20220,9,10,7,13,5
AT1G20950,9,12,8,13,13
AT1G24020,9,8,8,10,8
AT1G26570,9,9,6,5,6
AT1G29880,9,14,8,10,9
AT1G31340,9,12,8,10,5
AT1G34430,9,11,8,10,14
AT1G48030,9,6,5,7,10
AT1G53240,9,13,9,9,10
AT1G56110,9,14,6,8,3
AT1G56340,9,15,5,5,11
AT1G62640,9,8,8,10,6
AT1G63770,9,9,0,2,11
AT1G70580,9,12,12,9,13
AT1G74470,9,9,6,9,9
AT1G76550,9,5,6,6,9
AT1G79830,9,2,7,10,10
AT2G02160,9,8,7,8,7
AT2G30970,9,11,0,6,8
AT2G31390,9,3,6,5,9
AT2G32060,9,12,12,7,10
AT2G34480,9,10,6,9,9
AT2G35635,9,0,8,10,0
AT2G36160,9,9,10,8,7
AT2G36250,9,12,10,11,10
AT2G37190,9,12,8,7,8
AT2G38270,9,8,6,10,4
AT2G38400,9,11,7,13,3
AT2G39810,9,4,10,7,3
AT2G41530,9,5,7,8,6
AT2G43090,9,5,7,7,8
AT2G44060,9,10,8,13,9
AT3G02760,9,14,12,13,4
AT3G02930,9,14,6,13,8
AT3G03250,9,15,8,11,13
AT3G04260,9,15,9,4,2
AT3G05060,9,9,6,7,3
AT3G09980,9,4,4,4,11
AT3G11400,9,14,8,11,13
AT3G11510,9,9,9,7,7
AT3G12490,9,10,6,11,6
AT3G14415,9,13,8,7,6
AT3G16640,9,10,11,9,9
AT3G25520,9,13,10,14,8
AT3G28830,9,7,3,8,6
AT3G43810,9,19,13,14,5
AT3G49010,9,10,9,8,10
AT3G52150,9,11,7,7,5
AT3G52880,9,7,5,8,8
AT3G52960,9,8,5,8,7
AT3G53430,9,12,8,7,9
AT3G55700,9,11,7,12,7
AT3G56130,9,11,8,10,6
AT3G57890,9,13,10,7,4
AT3G63095,9,14,9,10,10
AT4G00660,9,15,12,14,11
AT4G02770,9,8,3,7,7
AT4G09010,9,3,3,12,7
AT4G10840,9,11,12,9,6
AT4G11380,9,18,12,11,11
AT4G16155,9,6,4,9,9
AT4G21100,9,17,13,9,9
AT4G23460,9,17,9,11,7
AT4G26530,9,6,6,10,12
AT4G27000,9,10,7,7,9
AT4G29510,9,10,10,7,9
AT4G31160,9,11,10,8,4
AT4G39330,9,13,8,11,12
AT4G39660,9,16,7,11,7
AT5G06060,9,12,10,8,8
AT5G10450,9,12,8,11,7
AT5G13530,9,15,13,12,3
AT5G15020,9,21,17,17,15
AT5G16970,9,4,8,5,7
AT5G19220,9,6,5,3,5
AT5G19485,9,8,7,7,5
AT5G20280,9,11,6,10,4
AT5G21274,9,19,13,14,5
AT5G30510,9,11,10,11,12
AT5G42190,9,10,6,10,7
AT5G47010,9,22,12,20,9
AT5G62600,9,10,8,7,0
AT5G64760,9,10,9,12,10
AT5G65720,9,15,11,13,12
ATCG00470,9,5,2,7,10
AT1G04170,8,11,11,7,7
AT1G10630,8,10,5,10,11
AT1G11650,8,9,10,7,10
AT1G12910,8,9,10,10,14
AT1G17100,8,7,6,8,6
AT1G17760,8,5,6,9,9
AT1G20440,8,9,4,4,8
AT1G20760,8,16,9,14,13
AT1G23490,8,10,5,10,11
AT1G25490,8,11,11,9,7
AT1G35580,8,17,13,15,9
AT1G44900,8,11,8,8,10
AT1G49430,8,12,4,4,8
AT1G63940,8,6,5,4,11
AT1G68010,8,17,7,10,8
AT1G69740,8,12,10,9,9
AT1G70490,8,10,5,10,11
AT1G71840,8,5,8,5,4
AT1G74920,8,8,2,5,8
AT1G78380,8,5,6,8,5
AT1G79530,8,3,6,9,6
AT2G17410,8,7,6,5,7
AT2G22240,8,4,6,8,3
AT2G22250,8,9,8,8,5
AT2G28190,8,9,7,7,5
AT2G29320,8,11,9,7,7
AT2G33040,8,4,4,8,9
AT2G40840,8,13,14,6,7
AT2G42590,8,9,9,9,4
AT2G42700,8,9,5,5,5
AT2G43750,8,6,7,10,11
AT2G47170,8,10,5,10,11
AT2G47470,8,6,9,13,8
AT2G47650,8,3,5,6,7
AT2G47940,8,9,9,11,7
AT3G01090,8,7,12,10,5
AT3G04790,8,4,3,6,8
AT3G06580,8,11,12,12,12
AT3G06850,8,10,6,9,9
AT3G07100,8,14,13,10,8
AT3G13290,8,7,5,5,6
AT3G13580,8,15,9,7,7
AT3G16520,8,7,5,6,2
AT3G21110,8,7,7,11,7
AT3G22330,8,10,9,6,5
AT3G23780,8,9,4,6,8
AT3G25230,8,4,6,12,4
AT3G25800,8,13,13,13,6
AT3G26340,8,7,5,7,5
AT3G45030,8,9,7,11,8
AT3G45190,8,6,5,10,9
AT3G50820,8,8,5,6,7
AT3G52580,8,9,9,7,5
AT3G52750,8,10,8,8,5
AT3G53110,8,17,10,14,11
AT3G54470,8,9,6,7,7
AT3G55440,8,8,8,12,10
AT3G56190,8,6,3,4,6
AT3G58570,8,8,9,12,6
AT3G62120,8,8,7,6,6
AT3G62290,8,10,5,10,11
AT4G01690,8,0,0,4,11
AT4G03280,8,8,4,6,6
AT4G11150,8,9,5,10,6
AT4G13400,8,4,5,12,9
AT4G13780,8,11,5,5,4
AT4G14570,8,4,4,8,3
AT4G16180,8,7,4,15,13
AT4G17190,8,9,6,9,7
AT4G23670,8,9,5,6,7
AT4G24830,8,9,5,8,10
AT4G26110,8,10,5,8,4
AT4G29060,8,14,9,7,15
AT4G32910,8,5,0,7,0
AT4G34670,8,10,8,11,12
AT4G34740,8,10,6,3,4
AT4G35800,8,14,12,5,10
AT4G35830,8,8,10,6,9
AT4G37870,8,5,5,4,9
AT4G39090,8,6,5,6,5
AT5G03290,8,9,10,10,9
AT5G11040,8,10,6,11,3
AT5G13650,8,15,10,14,7
AT5G14670,8,10,5,10,11
AT5G16990,8,0,4,2,4
AT5G18420,8,7,6,10,5
AT5G20630,8,4,0,5,5
AT5G24780,8,10,5,10,9
AT5G41670,8,10,3,6,8
AT5G45950,8,3,2,4,0
AT5G47210,8,11,10,11,10
AT5G47700,8,10,5,4,5
AT5G61020,8,10,9,8,8
AT5G62300,8,9,7,11,8
AT5G65750,8,7,3,4,5
ATCG00190,8,16,9,9,4
ATCG00380,8,9,6,9,6
ATCG00800,8,9,8,5,8
AT1G02050,7,8,0,8,4
AT1G04480,7,6,7,5,6
AT1G05520,7,6,7,10,9
AT1G06000,7,8,8,7,5
AT1G09020,7,3,4,4,3
AT1G10670,7,7,2,7,8
AT1G12840,7,6,4,8,6
AT1G13320,7,14,13,11,5
AT1G16350,7,8,7,7,6
AT1G20670,7,2,3,4,4
AT1G22920,7,10,9,8,5
AT1G26110,7,10,11,8,11
AT1G27650,7,9,8,10,8
AT1G29350,7,10,6,9,10
AT1G32500,7,6,9,7,7
AT1G33680,7,10,8,8,4
AT1G35680,7,5,2,6,5
AT1G48860,7,6,7,5,12
AT1G49600,7,7,4,8,5
AT1G53720,7,4,4,2,2
AT1G62820,7,11,8,10,7
AT1G70060,7,7,7,8,3
AT1G70290,7,5,8,5,4
AT1G70310,7,6,10,6,5
AT1G70830,7,7,2,13,4
AT1G72150,7,9,12,7,14
AT1G76180,7,11,4,5,10
AT1G80460,7,4,6,10,5
AT1G80680,7,4,3,6,2
AT2G03750,7,8,7,12,10
AT2G06850,7,8,6,7,7
AT2G13560,7,8,5,11,11
AT2G16950,7,19,12,11,2
AT2G17870,7,7,9,6,7
AT2G18450,7,7,4,5,7
AT2G20340,7,8,7,9,8
AT2G27720,7,12,5,11,10
AT2G30110,7,10,10,11,9
AT2G32900,7,11,9,11,9
AT2G33370,7,6,7,5,6
AT2G34470,7,7,7,6,5
AT2G38230,7,8,9,7,6
AT2G40290,7,7,7,5,4
AT2G41220,7,10,6,5,11
AT2G42740,7,7,7,5,6
AT2G44530,7,5,7,7,8
AT2G45300,7,6,8,4,6
AT3G02360,7,7,5,6,14
AT3G03570,7,5,4,10,12
AT3G04400,7,6,7,5,6
AT3G04470,7,8,8,6,9
AT3G10270,7,8,5,2,4
AT3G14100,7,12,7,6,12
AT3G22890,7,8,7,10,8
AT3G25530,7,8,3,11,8
AT3G25920,7,3,8,6,7
AT3G26060,7,8,8,12,9
AT3G27830,7,7,7,10,7
AT3G27850,7,7,7,10,7
AT3G28710,7,7,7,6,10
AT3G28715,7,8,6,4,8
AT3G29320,7,4,0,2,8
AT3G48730,7,7,5,8,8
AT3G49910,7,7,6,6,7
AT3G52140,7,15,12,11,8
AT3G52180,7,5,5,4,6
AT3G52990,7,4,5,8,4
AT3G55020,7,9,7,8,7
AT3G57520,7,8,3,6,3
AT3G58700,7,7,7,5,6
AT3G63490,7,10,5,4,8
AT4G04950,7,12,8,13,3
AT4G05180,7,8,9,6,7
AT4G08580,7,3,8,5,6
AT4G14800,7,9,8,9,7
AT4G14880,7,5,0,4,7
AT4G16720,7,8,9,6,8
AT4G17390,7,8,9,6,8
AT4G17520,7,5,8,6,9
AT4G18730,7,7,7,5,6
AT4G20460,7,9,8,5,13
AT4G29010,7,5,5,8,2
AT4G29840,7,9,2,8,7
AT4G34050,7,7,5,6,5
AT4G34430,7,11,7,7,6
AT4G34870,7,6,4,6,6
AT4G36130,7,12,8,9,8
AT4G38740,7,15,11,11,11
AT5G04130,7,8,5,2,3
AT5G04740,7,9,7,8,4
AT5G05730,7,5,2,9,4
AT5G07030,7,3,4,5,8
AT5G07440,7,2,4,6,6
AT5G10160,7,4,4,4,5
AT5G11670,7,8,5,8,8
AT5G16440,7,11,6,9,8
AT5G17510,7,7,7,4,7
AT5G17900,7,3,7,5,6
AT5G23740,7,8,8,4,4
AT5G24350,7,9,8,10,5
AT5G39850,7,9,10,9,7
AT5G42080,7,4,0,0,6
AT5G42220,7,6,5,9,5
AT5G45390,7,3,3,3,3
AT5G45775,7,7,7,5,6
AT5G45930,7,6,9,9,7
AT5G46430,7,5,7,4,7
AT5G47770,7,8,5,10,6
AT5G51110,7,4,4,6,5
AT5G52840,7,6,7,8,6
AT5G53620,7,5,3,6,10
AT5G55070,7,6,7,5,9
AT5G55230,7,10,5,17,5
AT5G55670,7,10,6,6,6
AT5G58490,7,8,4,8,6
AT5G59160,7,9,4,7,3
AT5G60640,7,12,11,6,13
AT5G60980,7,7,3,8,5
AT5G61970,7,2,2,8,3
ATCG01060,7,7,5,4,6
AT1G07440,6,9,7,6,8
AT1G10930,6,5,3,6,10
AT1G12470,6,8,7,7,2
AT1G12920,6,8,5,9,7
AT1G17370,6,8,3,6,6
AT1G20450,6,7,5,3,6
AT1G21720,6,6,0,4,5
AT1G22780,6,9,7,6,6
AT1G23190,6,5,3,5,7
AT1G23290,6,7,5,5,6
AT1G29370,6,9,9,11,9
AT1G29965,6,8,5,6,4
AT1G30470,6,8,9,5,3
AT1G30580,6,8,8,9,4
AT1G32990,6,7,7,7,5
AT1G33590,6,5,3,3,2
AT1G34030,6,9,7,6,6
AT1G35720,6,0,3,5,5
AT1G47260,6,2,0,3,7
AT1G48410,6,11,9,11,7
AT1G54080,6,10,5,8,8
AT1G56580,6,6,6,5,7
AT1G60810,6,2,0,7,5
AT1G61850,6,8,10,13,19
AT1G63680,6,14,9,4,6
AT1G65980,6,7,4,7,5
AT1G66430,6,7,3,3,10
AT1G69960,6,7,5,6,3
AT1G70600,6,7,5,5,6
AT1G70820,6,7,7,6,6
AT1G74850,6,8,5,2,3
AT1G75950,6,8,7,7,6
AT2G04740,6,13,8,4,2
AT2G04842,6,10,11,11,6
AT2G15430,6,8,9,8,5
AT2G16485,6,4,3,5,5
AT2G18790,6,11,6,8,4
AT2G19480,6,11,6,9,6
AT2G25650,6,6,4,6,5
AT2G29400,6,5,3,4,2
AT2G30950,6,5,2,10,5
AT2G32240,6,15,8,3,15
AT2G36340,6,4,2,4,4
AT2G36580,6,2,4,8,0
AT2G37040,6,21,17,13,4
AT2G39460,6,6,9,9,8
AT2G40300,6,8,6,7,7
AT2G41620,6,4,0,9,0
AT2G42910,6,5,6,7,7
AT2G43030,6,8,6,6,8
AT2G43550,6,5,5,5,5
AT2G45540,6,11,5,4,4
AT2G47710,6,0,0,7,5
AT2G47730,6,10,4,8,3
AT3G02780,6,8,3,11,9
AT3G04600,6,9,6,7,4
AT3G06050,6,5,5,5,6
AT3G07030,6,5,5,5,6
AT3G10380,6,11,5,7,2
AT3G12290,6,3,3,4,3
AT3G12800,6,7,9,6,6
AT3G14210,6,9,9,8,7
AT3G14310,6,3,3,6,8
AT3G14390,6,3,2,3,7
AT3G14990,6,3,4,7,4
AT3G15000,6,5,5,5,5
AT3G16060,6,4,4,3,4
AT3G17240,6,3,4,6,6
AT3G17820,6,4,5,3,4
AT3G17900,6,11,11,6,9
AT3G18490,6,6,4,5,4
AT3G21140,6,6,6,7,4
AT3G27430,6,8,5,6,4
AT3G28500,6,9,9,5,7
AT3G28820,6,4,0,3,5
AT3G43300,6,22,17,8,8
AT3G46780,6,2,0,5,3
AT3G46970,6,8,5,7,8
AT3G47070,6,4,5,7,6
AT3G47370,6,9,5,9,8
AT3G51240,6,7,7,10,10
AT3G52640,6,0,2,4,9
AT3G53180,6,6,3,8,2
AT3G53520,6,7,5,5,5
AT3G53740,6,7,5,5,4
AT3G55280,6,6,9,8,8
AT3G57660,6,9,5,6,6
AT3G58140,6,5,5,8,5
AT3G58730,6,4,0,4,5
AT3G61140,6,9,6,9,5
AT3G61650,6,10,7,2,7
AT3G63250,6,6,3,5,2
AT4G00810,6,5,8,4,4
AT4G03520,6,3,3,3,5
AT4G09020,6,8,4,4,8
AT4G09800,6,9,7,6,6
AT4G10480,6,4,0,3,6
AT4G15000,6,8,5,4,5
AT4G15020,6,10,7,4,4
AT4G15545,6,0,2,4,4
AT4G17100,6,6,6,6,8
AT4G17830,6,9,5,7,6
AT4G18100,6,6,6,6,6
AT4G23600,6,12,9,6,8
AT4G24130,6,7,5,6,8
AT4G25080,6,2,2,6,8
AT4G27090,6,15,2,7,3
AT4G29350,6,4,2,6,3
AT4G30800,6,7,5,3,2
AT4G31300,6,7,6,7,9
AT4G33400,6,9,6,5,2
AT4G35250,6,3,3,5,4
AT4G37000,6,4,3,5,6
AT5G05620,6,10,7,2,7
AT5G07350,6,6,3,9,7
AT5G11880,6,3,2,3,6
AT5G13450,6,3,3,6,5
AT5G13510,6,7,4,8,5
AT5G13630,6,4,2,2,0
AT5G13780,6,2,3,6,6
AT5G13930,6,5,2,3,4
AT5G14250,6,9,8,8,7
AT5G18380,6,8,5,6,4
AT5G20920,6,6,8,6,7
AT5G22440,6,7,5,2,4
AT5G28740,6,2,0,2,2
AT5G35430,6,5,3,8,3
AT5G39740,6,13,8,11,6
AT5G40580,6,8,5,5,5
AT5G42820,6,10,9,9,6
AT5G42970,6,11,11,8,9
AT5G46810,6,2,0,0,0
AT5G50950,6,7,5,7,5
AT5G52470,6,7,4,5,8
AT5G53460,6,3,4,7,3
AT5G54900,6,5,3,10,6
AT5G55280,6,4,4,6,7
AT5G56350,6,4,4,5,7
AT5G60360,6,2,2,3,4
AT5G60670,6,7,5,5,7
AT5G61410,6,3,2,4,5
AT5G61790,6,13,6,4,10
AT5G63570,6,5,5,8,8
AT5G65430,6,11,7,10,7
AT5G65620,6,9,2,4,11
AT5G66120,6,2,0,5,8
AT1G01510,5,4,2,4,0
AT1G02560,5,5,4,3,3
AT1G02780,5,5,4,5,6
AT1G03090,5,18,3,6,6
AT1G04270,5,4,2,4,2
AT1G04990,5,8,4,4,6
AT1G05720,5,5,7,8,7
AT1G07770,5,5,3,7,4
AT1G09590,5,7,5,3,4
AT1G09690,5,7,5,3,4
AT1G09750,5,5,2,3,6
AT1G11840,5,5,5,6,5
AT1G11910,5,2,2,6,6
AT1G13460,5,2,0,3,3
AT1G13870,5,5,2,3,2
AT1G14320,5,8,5,4,6
AT1G14410,5,8,6,8,8
AT1G15730,5,3,3,5,2
AT1G17290,5,3,5,3,3
AT1G20580,5,5,4,5,3
AT1G20920,5,8,5,6,7
AT1G23820,5,6,7,8,8
AT1G24050,5,5,3,6,0
AT1G24190,5,3,8,6,2
AT1G24360,5,3,3,3,2
AT1G26480,5,6,4,7,4
AT1G31180,5,0,2,0,4
AT1G31230,5,4,2,4,5
AT1G43190,5,5,5,8,5
AT1G53580,5,7,9,12,8
AT1G57660,5,7,5,3,4
AT1G57860,5,7,5,3,4
AT1G59900,5,9,5,8,4
AT1G60780,5,7,5,5,4
AT1G62380,5,7,10,5,5
AT1G62390,5,7,4,9,3
AT1G64190,5,10,3,7,7
AT1G64790,5,15,6,6,0
AT1G65150,5,7,2,2,5
AT1G66580,5,9,6,4,5
AT1G71500,5,5,6,8,6
AT1G72810,5,4,5,6,3
AT1G72970,5,6,3,6,2
AT1G73600,5,4,2,5,7
AT1G74030,5,6,0,8,3
AT1G74210,5,0,0,0,0
AT1G74260,5,4,3,4,3
AT1G77510,5,3,3,4,2
AT1G78630,5,4,5,3,6
AT1G80270,5,10,5,4,7
AT1G80600,5,4,3,3,8
AT2G01690,5,10,4,4,3
AT2G03640,5,4,3,5,5
AT2G09990,5,7,4,4,3
AT2G10940,5,5,3,3,4
AT2G16570,5,4,2,2,0
AT2G16780,5,3,7,3,4
AT2G19490,5,4,2,4,2
AT2G21060,5,5,4,7,6
AT2G21130,5,12,8,7,9
AT2G25170,5,5,2,6,2
AT2G33610,5,4,4,2,4
AT2G34560,5,6,4,4,4
AT2G37600,5,6,3,4,4
AT2G39770,5,3,2,7,3
AT2G40490,5,2,3,5,5
AT2G41500,5,10,5,3,5
AT2G43790,5,7,5,6,0
AT2G44040,5,5,5,6,0
AT2G44350,5,13,8,6,7
AT2G47620,5,10,5,2,4
AT2G47980,5,9,5,3,2
AT3G01180,5,9,0,5,4
AT3G02770,5,3,2,3,5
AT3G03380,5,5,0,3,4
AT3G03710,5,4,5,0,4
AT3G04610,5,4,4,6,5
AT3G04920,5,5,6,5,6
AT3G05560,5,8,5,3,5
AT3G05590,5,5,4,5,3
AT3G06350,5,3,0,0,6
AT3G06400,5,5,0,3,0
AT3G06670,5,4,4,2,3
AT3G07300,5,8,2,4,6
AT3G10220,5,7,9,5,4
AT3G10690,5,2,0,6,4
AT3G10740,5,4,2,0,2
AT3G10850,5,9,3,7,3
AT3G11270,5,5,6,14,7
AT3G11710,5,7,7,8,10
AT3G15190,5,7,5,6,4
AT3G16950,5,6,3,6,7
AT3G17170,5,7,7,4,5
AT3G17760,5,10,7,9,5
AT3G22220,5,9,6,6,0
AT3G22310,5,6,6,4,4
AT3G22630,5,8,6,7,5
AT3G24170,5,5,0,3,3
AT3G24430,5,5,5,2,4
AT3G26020,5,3,2,0,0
AT3G43190,5,5,7,5,6
AT3G46820,5,0,0,2,3
AT3G47470,5,4,0,5,3
AT3G47650,5,5,6,5,6
AT3G48500,5,10,8,6,2
AT3G48680,5,2,0,2,4
AT3G49080,5,4,0,4,6
AT3G50670,5,18,7,6,4
AT3G51000,5,4,3,4,3
AT3G53900,5,5,2,3,6
AT3G53990,5,4,2,4,6
AT3G55120,5,4,5,10,7
AT3G56070,5,3,2,6,3
AT3G56340,5,8,5,5,5
AT3G56490,5,7,4,5,4
AT3G62030,5,5,2,3,0
AT3G63140,5,7,4,4,11
AT4G01897,5,3,3,5,4
AT4G02150,5,13,10,10,4
AT4G12960,5,3,3,5,0
AT4G14710,5,6,5,6,5
AT4G15570,5,0,2,0,0
AT4G16060,5,4,5,8,3
AT4G18060,5,9,6,7,2
AT4G20050,5,5,4,4,3
AT4G21860,5,6,5,7,3
AT4G25130,5,10,7,7,5
AT4G25630,5,7,4,5,8
AT4G26900,5,8,3,6,5
AT4G28080,5,4,5,0,4
AT4G29340,5,6,4,3,5
AT4G30920,5,7,9,6,9
AT4G34860,5,6,4,5,5
AT4G35260,5,3,5,6,8
AT4G37210,5,5,2,3,0
AT5G02050,5,4,3,5,5
AT5G02740,5,0,0,0,3
AT5G05270,5,3,0,3,4
AT5G05990,5,3,3,4,3
AT5G08280,5,9,6,5,10
AT5G10240,5,5,3,5,4
AT5G12110,5,6,7,5,5
AT5G13380,5,3,4,3,0
AT5G14590,5,0,0,0,3
AT5G15530,5,5,5,5,3
AT5G16270,5,9,2,5,3
AT5G16450,5,5,2,6,6
AT5G16510,5,0,0,2,2
AT5G16960,5,3,4,4,5
AT5G17310,5,6,4,6,7
AT5G20720,5,8,5,6,7
AT5G22580,5,3,4,5,4
AT5G23140,5,4,5,5,4
AT5G23900,5,4,6,4,4
AT5G24770,5,7,3,5,5
AT5G27380,5,2,2,0,4
AT5G27770,5,8,4,3,5
AT5G27850,5,8,9,7,8
AT5G28850,5,8,6,9,7
AT5G28900,5,8,6,9,7
AT5G38640,5,6,8,6,4
AT5G40760,5,7,4,5,3
AT5G41520,5,3,3,4,3
AT5G41770,5,0,0,3,5
AT5G41950,5,7,6,9,3
AT5G42980,5,4,5,5,6
AT5G48375,5,4,6,3,5
AT5G48480,5,3,3,4,5
AT5G49810,5,0,2,2,3
AT5G54770,5,5,4,5,6
AT5G57460,5,14,6,9,8
AT5G57870,5,14,8,9,6
AT5G59850,5,5,3,7,4
AT5G59950,5,5,6,4,7
AT5G62270,5,7,7,8,8
AT5G62530,5,0,2,3,2
AT5G63510,5,2,0,2,3
AT5G64040,5,5,6,5,6
AT5G64350,5,8,6,3,4
ATCG00740,5,5,4,4,4
ATCG00790,5,2,4,3,7
ATCG00830,5,10,7,4,7
ATCG01310,5,10,7,4,7
AT1G01320,4,6,7,3,4
AT1G02140,4,4,3,2,3
AT1G02690,4,5,8,4,4
AT1G02890,4,3,2,2,4
AT1G04530,4,9,8,5,8
AT1G06290,4,5,0,6,3
AT1G06430,4,3,2,6,0
AT1G06680,4,4,3,5,3
AT1G07450,4,4,2,0,4
AT1G07660,4,5,6,4,5
AT1G07780,4,4,3,4,3
AT1G07820,4,5,6,4,5
AT1G09130,4,4,0,5,4
AT1G09430,4,2,0,4,4
AT1G09770,4,3,0,2,0
AT1G09830,4,5,0,2,4
AT1G10200,4,5,4,3,0
AT1G10290,4,4,0,0,3
AT1G10490,4,3,2,0,0
AT1G12080,4,0,0,0,0
AT1G12230,4,4,4,4,4
AT1G12270,4,4,0,0,4
AT1G12380,4,7,0,2,2
AT1G13270,4,3,2,4,2
AT1G14810,4,5,7,6,4
AT1G19920,4,4,5,3,2
AT1G26320,4,3,2,2,5
AT1G26910,4,6,5,4,5
AT1G28400,4,0,0,3,6
AT1G31330,4,4,6,6,5
AT1G34760,4,5,4,5,3
AT1G43690,4,3,4,6,3
AT1G44910,4,3,0,2,6
AT1G47420,4,0,0,4,0
AT1G47710,4,0,0,3,0
AT1G48920,4,3,3,3,3
AT1G51690,4,6,5,10,4
AT1G51980,4,3,0,3,8
AT1G52510,4,4,3,4,3
AT1G52670,4,12,5,7,5
AT1G53280,4,4,2,2,0
AT1G54570,4,8,4,0,5
AT1G56050,4,4,3,3,0
AT1G59610,4,5,0,2,3
AT1G59890,4,6,6,4,6
AT1G60420,4,0,2,7,2
AT1G61520,4,5,3,4,3
AT1G62800,4,3,3,2,2
AT1G62870,4,2,0,0,0
AT1G62940,4,10,7,9,7
AT1G63000,4,5,7,6,7
AT1G63180,4,2,3,4,5
AT1G64350,4,5,0,5,2
AT1G64550,4,5,2,3,0
AT1G66200,4,7,2,5,6
AT1G66670,4,0,2,5,2
AT1G66850,4,3,4,4,4
AT1G67120,4,7,3,4,0
AT1G67680,4,4,3,5,0
AT1G68020,4,4,4,2,4
AT1G70730,4,3,3,3,5
AT1G71730,4,2,3,3,2
AT1G72550,4,4,0,4,2
AT1G74970,4,6,3,5,4
AT1G75240,4,0,0,2,3
AT1G75660,4,4,3,3,3
AT1G76850,4,7,4,6,3
AT1G78150,4,4,0,0,0
AT1G79470,4,4,4,3,2
AT1G79550,4,7,2,9,5
AT1G79870,4,5,0,4,3
AT1G80560,4,0,0,2,4
AT2G01520,4,3,0,0,0
AT2G03820,4,11,11,10,6
AT2G04390,4,8,2,2,4
AT2G04520,4,4,4,3,3
AT2G05170,4,7,8,8,2
AT2G05220,4,8,2,2,4
AT2G16505,4,4,4,2,3
AT2G17420,4,8,6,7,2
AT2G18960,4,9,7,11,5
AT2G19740,4,0,0,3,0
AT2G19940,4,3,4,0,3
AT2G20450,4,12,2,3,2
AT2G22400,4,5,0,8,0
AT2G24765,4,0,0,3,0
AT2G28740,4,5,6,4,5
AT2G29310,4,3,4,0,0
AT2G29690,4,4,2,3,4
AT2G30860,4,5,6,8,5
AT2G34040,4,2,0,4,3
AT2G34640,4,6,3,4,4
AT2G37660,4,7,5,9,4
AT2G38540,4,3,3,3,2
AT2G38730,4,8,5,4,5
AT2G40030,4,3,5,3,5
AT2G40510,4,4,4,5,5
AT2G40930,4,5,3,2,7
AT2G41060,4,3,5,3,4
AT2G41680,4,8,5,0,4
AT2G43360,4,4,0,6,3
AT2G45620,4,2,0,0,0
AT2G45710,4,5,3,2,4
AT2G46140,4,7,2,5,0
AT2G47580,4,5,7,6,3
AT3G01080,4,4,0,0,0
AT3G01390,4,3,4,5,5
AT3G02080,4,11,2,4,3
AT3G02260,4,11,2,3,0
AT3G03340,4,8,4,4,8
AT3G04230,4,5,3,4,3
AT3G04910,4,5,7,7,5
AT3G06860,4,8,5,6,4
AT3G07110,4,6,3,4,6
AT3G08030,4,6,4,5,3
AT3G08580,4,6,0,7,4
AT3G09810,4,6,4,5,6
AT3G10050,4,0,0,2,3
AT3G10090,4,2,2,2,3
AT3G10610,4,7,2,2,4
AT3G10920,4,5,2,2,4
AT3G14040,4,11,5,7,6
AT3G14600,4,7,3,4,4
AT3G16480,4,2,0,2,5
AT3G20390,4,3,2,3,6
AT3G20790,4,4,0,2,3
AT3G22230,4,6,4,3,4
AT3G22320,4,3,5,4,0
AT3G22990,4,4,6,2,5
AT3G24830,4,7,5,4,10
AT3G25150,4,7,3,5,0
AT3G27380,4,7,4,5,4
AT3G28790,4,6,4,3,4
AT3G45930,4,5,6,4,5
AT3G46320,4,5,6,4,5
AT3G49470,4,0,0,0,3
AT3G49680,4,5,2,8,7
AT3G50500,4,0,2,3,2
AT3G51800,4,4,3,3,0
AT3G52560,4,3,2,4,3
AT3G53580,4,5,5,5,4
AT3G53730,4,5,6,4,5
AT3G53970,4,3,0,3,3
AT3G54090,4,4,5,0,3
AT3G54400,4,3,3,3,5
AT3G54960,4,6,3,9,13
AT3G55290,4,0,0,3,0
AT3G59480,4,0,5,7,3
AT3G60300,4,4,2,5,3
AT3G61110,4,5,3,2,4
AT3G61440,4,4,2,0,4
AT3G62010,4,9,4,8,2
AT3G62310,4,11,11,12,2
AT3G62590,4,0,0,0,4
AT4G00270,4,4,4,4,7
AT4G02570,4,3,0,5,2
AT4G02580,4,3,2,3,5
AT4G04460,4,2,4,8,6
AT4G09320,4,6,6,4,3
AT4G10450,4,4,2,3,4
AT4G11010,4,2,2,4,2
AT4G11260,4,3,4,5,5
AT4G13850,4,4,3,4,5
AT4G14716,4,6,4,5,5
AT4G15802,4,5,2,3,3
AT4G18905,4,2,3,2,2
AT4G22670,4,8,6,3,5
AT4G23690,4,0,2,4,4
AT4G24620,4,0,2,3,4
AT4G26230,4,0,0,3,0
AT4G26840,4,4,4,4,4
AT4G26910,4,4,5,5,6
AT4G27500,4,4,3,2,3
AT4G29130,4,0,0,3,2
AT4G29810,4,6,3,6,5
AT4G30190,4,8,4,11,5
AT4G32930,4,3,2,4,2
AT4G33510,4,7,3,5,5
AT4G34030,4,3,0,0,0
AT4G35420,4,2,0,0,3
AT4G36020,4,4,5,6,4
AT4G38600,4,8,3,2,0
AT5G02240,4,8,4,8,6
AT5G02530,4,6,5,5,6
AT5G03690,4,3,4,5,7
AT5G03850,4,2,2,2,3
AT5G04800,4,8,2,2,4
AT5G05590,4,4,4,3,4
AT5G05980,4,0,0,2,0
AT5G08530,4,4,2,0,5
AT5G09390,4,7,6,5,3
AT5G13680,4,5,3,2,0
AT5G14780,4,4,0,0,0
AT5G16130,4,11,0,5,2
AT5G16980,4,0,2,0,3
AT5G17020,4,5,3,4,3
AT5G17440,4,7,6,5,7
AT5G17990,4,4,2,3,0
AT5G18170,4,2,0,0,2
AT5G18410,4,5,2,3,0
AT5G18570,4,6,3,2,4
AT5G18620,4,6,0,3,0
AT5G18660,4,0,0,2,2
AT5G21150,4,5,0,6,2
AT5G23940,4,9,4,4,3
AT5G24400,4,6,0,5,3
AT5G24520,4,8,4,4,4
AT5G28050,4,4,2,6,4
AT5G28060,4,6,6,7,9
AT5G35680,4,4,4,3,3
AT5G36700,4,5,5,3,5
AT5G36790,4,5,5,3,5
AT5G37600,4,8,4,5,3
AT5G37720,4,9,2,4,4
AT5G40040,4,4,3,4,5
AT5G40650,4,5,3,4,4
AT5G42950,4,3,0,3,6
AT5G43780,4,0,2,0,2
AT5G44200,4,2,2,0,3
AT5G44710,4,4,4,3,3
AT5G45890,4,4,0,0,0
AT5G46180,4,3,0,0,0
AT5G47880,4,2,3,2,0
AT5G48760,4,5,3,0,7
AT5G51100,4,3,0,2,0
AT5G53440,4,4,3,6,5
AT5G53850,4,0,4,2,0
AT5G55040,4,2,0,0,0
AT5G55660,4,8,4,0,0
AT5G56680,4,3,6,3,5
AT5G56710,4,0,0,3,0
AT5G57290,4,4,3,5,7
AT5G59690,4,5,6,4,5
AT5G59880,4,4,2,3,4
AT5G59970,4,5,6,4,5
AT5G60160,4,4,3,7,9
AT5G61170,4,8,5,4,5
AT5G63680,4,5,4,4,2
AT5G64570,4,7,5,7,8
AT5G65010,4,4,2,6,4
AT5G67030,4,2,2,3,2
ATCG00180,4,12,7,7,2
ATCG00750,4,4,5,2,2
AT1G01080,3,3,2,4,0
AT1G04080,3,3,3,2,7
AT1G04710,3,4,3,3,3
AT1G06260,3,4,4,4,2
AT1G07140,3,5,2,3,4
AT1G07320,3,5,4,3,2
AT1G07750,3,6,3,6,6
AT1G08130,3,0,0,4,2
AT1G09730,3,4,5,3,4
AT1G09795,3,3,4,4,4
AT1G10370,3,2,0,2,3
AT1G12430,3,5,3,3,2
AT1G12570,3,4,4,3,4
AT1G14650,3,8,3,4,0
AT1G15340,3,2,0,2,4
AT1G15690,3,2,0,3,2
AT1G15820,3,3,3,3,4
AT1G16080,3,0,0,0,3
AT1G17190,3,0,0,0,0
AT1G17720,3,13,6,9,5
AT1G18070,3,7,2,5,3
AT1G18210,3,11,7,5,4
AT1G21440,3,2,2,2,4
AT1G23860,3,4,0,5,2
AT1G24180,3,6,6,4,5
AT1G24807,3,4,3,2,2
AT1G24909,3,4,3,0,2
AT1G25083,3,4,3,0,2
AT1G25155,3,4,3,0,2
AT1G25220,3,4,3,3,2
AT1G26550,3,4,0,0,4
AT1G27310,3,3,2,5,2
AT1G27970,3,5,3,5,2
AT1G29910,3,3,4,5,4
AT1G29920,3,3,4,5,4
AT1G29930,3,3,4,5,4
AT1G30120,3,3,2,2,3
AT1G30170,3,2,0,5,3
AT1G30680,3,7,4,3,3
AT1G32220,3,6,7,5,4
AT1G32470,3,2,0,4,0
AT1G35310,3,5,5,3,2
AT1G35670,3,2,0,3,2
AT1G44835,3,7,3,5,5
AT1G47550,3,6,7,2,2
AT1G47560,3,3,4,0,0
AT1G48050,3,8,6,3,0
AT1G48520,3,4,0,0,2
AT1G49975,3,2,0,3,0
AT1G50250,3,0,0,4,0
AT1G50300,3,5,5,4,5
AT1G50500,3,6,6,5,2
AT1G51510,3,4,4,4,3
AT1G52760,3,0,2,4,0
AT1G54100,3,0,0,0,4
AT1G54220,3,4,2,3,5
AT1G55090,3,0,3,2,0
AT1G60070,3,3,3,4,0
AT1G60850,3,0,0,4,2
AT1G61150,3,9,7,7,3
AT1G66240,3,3,3,3,4
AT1G67280,3,3,0,3,0
AT1G68790,3,2,0,0,2
AT1G69200,3,4,0,2,4
AT1G69250,3,5,0,9,3
AT1G71800,3,5,4,7,2
AT1G74910,3,0,4,3,2
AT1G75910,3,3,2,3,4
AT1G76510,3,0,0,2,3
AT1G78680,3,0,0,6,4
AT1G79050,3,4,2,4,2
AT1G79340,3,3,2,3,3
AT1G79750,3,0,0,2,0
AT1G80500,3,0,2,2,0
AT2G02740,3,6,3,4,7
AT2G03680,3,2,2,4,3
AT2G05070,3,3,2,5,4
AT2G05100,3,3,0,5,4
AT2G05260,3,0,0,5,3
AT2G14170,3,4,0,4,3
AT2G14880,3,6,5,5,0
AT2G16440,3,6,3,3,0
AT2G17130,3,0,3,4,5
AT2G17280,3,0,2,4,2
AT2G18740,3,3,3,3,3
AT2G19540,3,4,0,0,0
AT2G19760,3,3,2,3,3
AT2G22230,3,2,2,3,3
AT2G22795,3,7,3,0,4
AT2G23930,3,5,3,3,2
AT2G24940,3,5,5,6,4
AT2G25080,3,4,2,4,4
AT2G26990,3,4,3,3,0
AT2G27460,3,0,4,4,2
AT2G27820,3,0,0,3,3
AT2G27880,3,2,0,2,3
AT2G29190,3,2,2,0,0
AT2G32920,3,4,2,4,4
AT2G32930,3,2,0,0,0
AT2G33730,3,3,0,0,0
AT2G34420,3,3,4,5,4
AT2G35010,3,3,0,3,2
AT2G35390,3,4,3,2,4
AT2G35840,3,4,2,3,2
AT2G35860,3,5,2,2,0
AT2G36060,3,3,0,3,0
AT2G36130,3,3,0,0,4
AT2G36390,3,0,0,2,2
AT2G36620,3,2,0,2,3
AT2G37270,3,8,4,3,3
AT2G43160,3,2,2,3,2
AT2G47640,3,5,5,4,4
AT3G01980,3,4,0,5,3
AT3G02720,3,4,0,2,0
AT3G02830,3,3,0,0,0
AT3G07630,3,4,2,2,2
AT3G07850,3,11,5,7,6
AT3G09500,3,3,3,3,4
AT3G11500,3,5,3,3,2
AT3G11770,3,0,0,0,3
AT3G11940,3,8,4,3,3
AT3G12390,3,2,0,0,6
AT3G12860,3,4,2,3,2
AT3G13120,3,0,0,2,0
AT3G13570,3,5,3,3,0
AT3G14930,3,4,2,0,2
AT3G16630,3,4,0,3,4
AT3G16980,3,3,3,2,0
AT3G17020,3,4,4,5,4
AT3G17940,3,0,0,0,2
AT3G18740,3,3,3,4,4
AT3G18790,3,3,3,0,2
AT3G20250,3,3,2,3,3
AT3G20820,3,7,4,6,5
AT3G21200,3,4,4,5,6
AT3G21750,3,5,3,6,3
AT3G21810,3,0,0,2,2
AT3G25840,3,0,0,3,0
AT3G26420,3,4,4,5,3
AT3G26720,3,2,0,2,8
AT3G27300,3,2,0,3,2
AT3G27690,3,3,0,5,4
AT3G29075,3,5,0,4,0
AT3G29760,3,0,0,0,0
AT3G42050,3,3,0,2,3
AT3G43240,3,0,0,0,0
AT3G44340,3,3,8,11,4
AT3G46030,3,2,0,2,2
AT3G46630,3,3,0,4,3
AT3G47340,3,4,2,7,5
AT3G49800,3,3,0,4,2
AT3G50370,3,5,0,3,2
AT3G51160,3,2,0,2,4
AT3G52090,3,6,4,4,4
AT3G52200,3,0,3,5,3
AT3G52300,3,2,0,3,3
AT3G52370,3,3,0,0,0
AT3G52500,3,3,0,0,3
AT3G53700,3,2,4,3,0
AT3G54890,3,2,4,3,2
AT3G55605,3,5,6,0,2
AT3G55620,3,5,5,3,4
AT3G56240,3,3,2,4,4
AT3G56910,3,4,2,2,0
AT3G57940,3,3,0,0,2
AT3G60860,3,0,3,0,0
AT3G61230,3,3,3,0,2
AT3G61470,3,0,0,2,0
AT3G62460,3,2,4,3,7
AT3G62840,3,5,5,4,4
AT4G02030,3,6,2,7,3
AT4G02510,3,10,5,4,6
AT4G03120,3,3,3,0,0
AT4G04770,3,4,4,0,0
AT4G08520,3,2,3,3,5
AT4G09570,3,2,0,2,3
AT4G09650,3,3,3,2,2
AT4G10260,3,0,0,2,0
AT4G10610,3,4,2,4,2
AT4G13560,3,2,3,4,2
AT4G14160,3,7,5,7,4
AT4G15210,3,5,3,5,4
AT4G16500,3,3,2,3,3
AT4G16830,3,3,3,4,2
AT4G19210,3,8,5,4,0
AT4G19490,3,5,4,6,0
AT4G20440,3,6,8,4,5
AT4G21660,3,4,2,4,0
AT4G23680,3,5,0,2,2
AT4G23850,3,2,0,0,0
AT4G25550,3,3,3,3,5
AT4G25740,3,7,6,3,6
AT4G25890,3,4,2,3,5
AT4G26270,3,7,5,5,4
AT4G26510,3,2,0,4,0
AT4G26720,3,4,2,3,0
AT4G26870,3,6,0,5,3
AT4G27060,3,4,3,3,3
AT4G29410,3,3,3,2,2
AT4G29590,3,3,2,3,2
AT4G30220,3,3,2,2,3
AT4G31120,3,4,2,3,3
AT4G31340,3,3,2,3,3
AT4G31580,3,5,5,4,3
AT4G31790,3,0,0,3,0
AT4G31810,3,8,4,0,2
AT4G32260,3,0,2,3,2
AT4G34215,3,2,0,0,0
AT4G34290,3,3,3,2,0
AT4G34490,3,6,6,3,5
AT4G34620,3,5,0,3,0
AT4G35100,3,5,4,3,3
AT4G35850,3,2,2,5,3
AT4G36250,3,4,0,2,2
AT4G37925,3,0,0,0,2
AT4G39860,3,3,0,2,5
AT5G02960,3,5,3,3,2
AT5G03650,3,4,4,6,0
AT5G04290,3,3,2,3,5
AT5G04590,3,3,4,0,6
AT5G08300,3,2,0,2,5
AT5G08560,3,3,0,2,0
AT5G08570,3,5,4,3,4
AT5G08640,3,5,5,5,4
AT5G09660,3,3,2,3,2
AT5G09730,3,0,2,2,0
AT5G10170,3,2,3,4,4
AT5G10770,3,2,2,3,2
AT5G10920,3,3,3,5,5
AT5G12140,3,3,3,5,5
AT5G12370,3,2,4,3,0
AT5G13280,3,6,7,0,2
AT5G13850,3,2,0,0,3
AT5G13980,3,8,0,0,8
AT5G13990,3,0,0,0,0
AT5G14320,3,6,5,3,0
AT5G15770,3,4,2,2,2
AT5G16290,3,4,3,3,0
AT5G16390,3,4,3,3,2
AT5G16710,3,2,0,5,3
AT5G18400,3,5,2,4,4
AT5G21326,3,4,2,4,0
AT5G23250,3,0,0,0,2
AT5G26570,3,2,2,5,3
AT5G34850,3,5,3,3,3
AT5G38470,3,0,0,2,4
AT5G38600,3,2,2,2,2
AT5G38830,3,0,0,2,0
AT5G40370,3,6,6,6,7
AT5G40490,3,2,0,5,0
AT5G40870,3,0,0,4,2
AT5G41790,3,0,0,0,2
AT5G42270,3,0,0,6,0
AT5G44500,3,6,8,4,5
AT5G46580,3,6,4,5,0
AT5G47910,3,3,3,4,2
AT5G47930,3,5,3,2,4
AT5G48180,3,4,4,4,3
AT5G48580,3,4,0,3,0
AT5G51750,3,6,0,2,0
AT5G51820,3,0,0,0,2
AT5G52360,3,2,0,2,2
AT5G52650,3,7,6,2,5
AT5G53480,3,11,6,7,2
AT5G54430,3,4,2,5,5
AT5G54750,3,8,5,5,5
AT5G55160,3,3,2,3,3
AT5G55730,3,2,2,2,0
AT5G56280,3,4,2,0,2
AT5G56630,3,8,5,5,4
AT5G57850,3,2,0,0,3
AT5G57890,3,4,3,0,2
AT5G60600,3,3,0,0,7
AT5G62190,3,8,6,6,0
AT5G63620,3,2,2,2,0
AT5G63860,3,4,3,5,3
AT5G63890,3,2,2,7,3
AT5G64630,3,10,0,0,8
AT5G65020,3,0,0,2,2
AT5G65690,3,2,0,0,3
AT5G65760,3,2,0,0,2
AT5G66470,3,4,0,0,4
AT5G66510,3,3,0,0,5
ATCG00770,3,4,3,2,0
ATCG00780,3,5,4,4,4
ATCG00900,3,10,8,3,4
ATCG01240,3,10,8,3,4
ATMG00070,3,2,2,3,3
AT1G01050,2,3,0,0,3
AT1G01780,2,3,2,0,0
AT1G02090,2,4,3,3,0
AT1G02330,2,0,0,0,0
AT1G02370,2,2,0,2,0
AT1G03680,2,2,3,0,0
AT1G03900,2,3,2,3,3
AT1G04420,2,0,0,0,0
AT1G04510,2,8,3,4,5
AT1G04920,2,3,2,3,0
AT1G04980,2,0,0,0,0
AT1G06950,2,0,0,7,0
AT1G07170,2,2,3,3,3
AT1G07370,2,3,2,2,2
AT1G07790,2,0,0,2,2
AT1G08190,2,2,0,0,0
AT1G08250,2,0,0,2,3
AT1G09760,2,2,3,0,0
AT1G10940,2,3,0,4,2
AT1G11750,2,0,0,3,2
AT1G12050,2,4,0,3,0
AT1G13020,2,6,4,2,5
AT1G13280,2,3,4,2,6
AT1G13730,2,0,0,0,0
AT1G15250,2,2,2,2,2
AT1G15280,2,0,0,0,0
AT1G15290,2,0,0,0,0
AT1G15510,2,0,0,0,0
AT1G16720,2,2,2,0,4
AT1G16890,2,3,0,2,0
AT1G17470,2,6,0,2,0
AT1G18150,2,4,2,0,0
AT1G19520,2,3,4,2,0
AT1G20130,2,0,0,0,3
AT1G20370,2,0,0,2,0
AT1G23740,2,7,5,5,4
AT1G23900,2,3,0,0,0
AT1G26880,2,3,2,2,2
AT1G27680,2,0,0,0,0
AT1G28290,2,0,0,5,2
AT1G29220,2,0,0,2,0
AT1G29260,2,0,0,3,3
AT1G29670,2,0,0,0,0
AT1G29940,2,3,2,0,5
AT1G29990,2,2,2,0,0
AT1G30530,2,0,0,3,3
AT1G31070,2,3,0,5,2
AT1G31120,2,0,0,0,0
AT1G31480,2,0,0,0,0
AT1G32200,2,5,3,7,4
AT1G32380,2,3,3,3,4
AT1G32440,2,2,2,4,3
AT1G32790,2,3,2,4,2
AT1G32810,2,0,0,0,0
AT1G35780,2,4,0,3,0
AT1G41880,2,8,0,0,0
AT1G43560,2,0,0,2,2
AT1G43670,2,4,3,0,4
AT1G43710,2,5,4,3,4
AT1G45145,2,0,0,2,0
AT1G45230,2,0,0,2,0
AT1G47200,2,3,4,2,0
AT1G47490,2,3,0,2,3
AT1G48850,2,4,0,4,5
AT1G49970,2,0,0,3,0
AT1G50575,2,0,0,0,0
AT1G50670,2,0,0,4,0
AT1G51420,2,0,2,0,0
AT1G51660,2,3,0,0,0
AT1G51710,2,7,0,0,0
AT1G52300,2,2,2,2,3
AT1G52730,2,0,3,0,0
AT1G54290,2,3,3,3,0
AT1G54780,2,0,0,0,0
AT1G55670,2,0,0,2,0
AT1G56700,2,0,4,0,3
AT1G60940,2,2,0,3,2
AT1G61570,2,0,0,2,0
AT1G61870,2,2,3,5,3
AT1G62360,2,0,0,0,0
AT1G62740,2,2,2,0,4
AT1G62990,2,0,0,0,0
AT1G63210,2,2,4,0,3
AT1G64510,2,2,3,2,3
AT1G66270,2,3,0,0,2
AT1G67990,2,0,0,0,4
AT1G68300,2,3,0,0,0
AT1G69620,2,2,3,2,2
AT1G70510,2,0,0,0,0
AT1G71270,2,3,0,2,3
AT1G71770,2,2,0,2,0
AT1G71820,2,7,5,3,0
AT1G73060,2,3,0,0,0
AT1G75350,2,4,0,3,2
AT1G77440,2,2,0,0,2
AT1G77470,2,0,0,0,0
AT1G78820,2,5,0,0,4
AT1G78870,2,2,0,2,0
AT1G78940,2,0,0,0,0
AT1G79010,2,0,0,0,0
AT1G79040,2,0,0,2,2
AT1G79230,2,4,2,5,2
AT1G79350,2,6,6,0,0
AT1G79690,2,9,2,3,8
AT2G01600,2,3,3,0,0
AT2G02400,2,0,0,2,0
AT2G02560,2,9,5,2,0
AT2G03440,2,4,2,0,5
AT2G03870,2,2,2,0,0
AT2G04690,2,4,3,4,3
AT2G04865,2,0,0,0,0
AT2G06510,2,0,0,0,2
AT2G07690,2,3,0,0,0
AT2G13540,2,2,4,2,0
AT2G15400,2,5,3,3,2
AT2G15500,2,0,0,0,0
AT2G15690,2,3,3,3,0
AT2G16390,2,0,0,0,2
AT2G17265,2,0,0,0,2
AT2G17340,2,4,0,3,0
AT2G18170,2,2,0,0,0
AT2G18230,2,4,0,4,3
AT2G18340,2,4,0,2,2
AT2G19730,2,5,0,2,3
AT2G20190,2,3,2,4,0
AT2G20610,2,3,0,2,0
AT2G20900,2,0,0,2,0
AT2G21620,2,2,0,0,4
AT2G24020,2,5,4,2,2
AT2G24210,2,9,6,3,2
AT2G24490,2,6,5,6,3
AT2G24590,2,4,4,3,3
AT2G25870,2,3,0,4,0
AT2G27100,2,6,0,4,3
AT2G27680,2,0,0,4,0
AT2G28080,2,3,0,0,0
AT2G28450,2,0,0,0,0
AT2G29140,2,2,2,0,0
AT2G29340,2,0,0,0,0
AT2G29570,2,2,2,2,2
AT2G30000,2,2,3,3,3
AT2G30200,2,5,7,5,0
AT2G30870,2,2,3,2,3
AT2G31570,2,3,3,2,6
AT2G33410,2,4,0,2,2
AT2G33430,2,2,2,3,0
AT2G33690,2,3,3,3,6
AT2G33800,2,9,3,0,3
AT2G34590,2,3,2,0,3
AT2G34810,2,2,2,3,3
AT2G35020,2,2,0,5,2
AT2G35110,2,5,4,4,0
AT2G35370,2,2,3,2,4
AT2G35490,2,4,3,2,3
AT2G36190,2,2,0,0,0
AT2G37220,2,4,3,6,3
AT2G37550,2,0,0,2,0
AT2G38020,2,8,2,8,0
AT2G38700,2,3,5,5,3
AT2G39390,2,2,2,3,3
AT2G39795,2,3,3,5,0
AT2G41040,2,4,5,5,6
AT2G41790,2,2,0,5,4
AT2G43520,2,2,0,3,2
AT2G43530,2,2,2,2,2
AT2G43970,2,6,3,2,3
AT2G44050,2,4,2,3,2
AT2G44100,2,4,0,0,0
AT2G44310,2,2,3,3,3
AT2G44920,2,3,2,2,3
AT2G45900,2,0,0,0,0
AT2G46520,2,9,5,6,3
AT2G47250,2,6,5,4,0
AT3G01280,2,0,0,3,2
AT3G01540,2,7,7,6,0
AT3G02020,2,2,2,0,0
AT3G02650,2,5,3,0,2
AT3G02660,2,0,0,0,0
AT3G02730,2,0,0,2,0
AT3G04870,2,0,0,0,0
AT3G05420,2,8,5,6,0
AT3G06610,2,0,2,2,0
AT3G06980,2,0,0,0,3
AT3G08770,2,2,2,0,0
AT3G11930,2,0,0,3,0
AT3G13160,2,6,3,2,2
AT3G14810,2,0,0,0,0
AT3G15290,2,0,0,0,0
AT3G15660,2,2,4,4,3
AT3G15680,2,5,3,2,2
AT3G15690,2,2,2,2,0
AT3G16080,2,2,2,2,3
AT3G16780,2,0,0,0,0
AT3G18580,2,0,3,4,4
AT3G19820,2,0,0,3,0
AT3G19950,2,3,0,2,0
AT3G20630,2,2,0,2,0
AT3G20810,2,5,0,0,0
AT3G21220,2,0,2,0,0
AT3G22200,2,2,2,0,2
AT3G23490,2,2,0,0,2
AT3G24780,2,0,0,0,0
AT3G25660,2,4,3,0,2
AT3G27530,2,7,6,6,3
AT3G28220,2,2,3,2,6
AT3G28720,2,0,0,0,2
AT3G42640,2,0,0,2,0
AT3G44680,2,5,3,0,0
AT3G44850,2,4,3,4,0
AT3G45310,2,2,2,2,2
AT3G45640,2,2,0,3,0
AT3G46000,2,2,4,2,0
AT3G46010,2,0,0,2,0
AT3G46040,2,4,2,4,4
AT3G47700,2,3,0,2,0
AT3G47810,2,3,0,5,2
AT3G48110,2,0,0,0,0
AT3G48170,2,0,0,0,0
AT3G48420,2,0,0,4,6
AT3G48690,2,3,0,2,0
AT3G48750,2,5,3,2,0
AT3G49100,2,0,0,0,0
AT3G49220,2,2,0,0,0
AT3G49240,2,5,4,6,0
AT3G49390,2,0,0,3,0
AT3G52250,2,0,0,2,0
AT3G52920,2,2,2,2,2
AT3G53020,2,2,2,3,3
AT3G53460,2,3,2,4,4
AT3G54210,2,4,4,3,3
AT3G54230,2,4,3,5,0
AT3G54860,2,4,0,3,0
AT3G54900,2,0,2,0,2
AT3G55330,2,2,0,0,0
AT3G55750,2,7,0,0,0
AT3G56940,2,3,5,4,0
AT3G59040,2,2,5,3,0
AT3G59290,2,0,2,3,2
AT3G59550,2,0,0,0,0
AT3G59630,2,2,0,5,0
AT3G59760,2,2,0,6,3
AT3G59890,2,2,3,4,0
AT3G61480,2,0,0,0,0
AT3G62600,2,4,3,2,2
AT4G00620,2,2,0,3,4
AT4G01480,2,3,0,0,3
AT4G02080,2,2,2,2,0
AT4G02230,2,2,0,0,0
AT4G02290,2,5,0,2,2
AT4G02425,2,0,0,4,3
AT4G02840,2,3,4,2,3
AT4G03020,2,8,4,6,0
AT4G08150,2,0,0,0,0
AT4G08900,2,6,2,4,5
AT4G09670,2,3,3,3,4
AT4G10750,2,2,0,2,0
AT4G14030,2,6,3,5,2
AT4G14200,2,0,0,0,2
AT4G14890,2,3,3,4,3
AT4G15530,2,8,14,3,0
AT4G15790,2,3,0,2,4
AT4G16190,2,3,0,0,2
AT4G16265,2,2,0,3,3
AT4G17040,2,2,0,2,2
AT4G17530,2,0,0,0,0
AT4G17770,2,4,6,2,2
AT4G17870,2,0,2,2,0
AT4G19710,2,2,0,0,4
AT4G21150,2,2,4,0,5
AT4G21630,2,0,0,0,2
AT4G22240,2,0,0,0,2
AT4G22380,2,4,0,2,0
AT4G22570,2,0,0,0,0
AT4G24550,2,4,0,3,0
AT4G24770,2,0,0,0,2
AT4G25100,2,2,0,0,3
AT4G25590,2,0,0,2,2
AT4G26450,2,2,0,3,4
AT4G27130,2,3,3,3,0
AT4G27320,2,2,2,2,0
AT4G27585,2,0,0,0,3
AT4G27640,2,4,2,6,2
AT4G28000,2,6,0,0,0
AT4G28750,2,4,2,0,5
AT4G29670,2,3,2,2,4
AT4G29830,2,3,2,4,0
AT4G30160,2,5,4,5,0
AT4G30330,2,3,3,3,2
AT4G30530,2,3,2,2,2
AT4G31770,2,3,3,2,0
AT4G31900,2,0,0,0,0
AT4G32040,2,0,0,0,0
AT4G32180,2,6,4,6,3
AT4G32520,2,0,2,2,4
AT4G32590,2,0,0,0,2
AT4G32605,2,0,2,3,4
AT4G32714,2,0,0,0,2
AT4G32720,2,3,0,7,2
AT4G32940,2,0,0,0,0
AT4G33580,2,3,4,0,3
AT4G34180,2,0,0,0,0
AT4G34350,2,2,2,6,3
AT4G34850,2,8,3,4,2
AT4G35310,2,0,0,0,0
AT4G35450,2,6,2,6,2
AT4G35650,2,4,2,0,3
AT4G36740,2,3,2,2,0
AT4G38460,2,5,0,0,0
AT4G38990,2,0,0,0,0
AT4G39120,2,0,0,2,0
AT4G39210,2,0,0,0,0
AT4G39520,2,5,0,5,0
AT5G01530,2,0,0,3,2
AT5G04430,2,5,5,9,2
AT5G05000,2,2,0,4,4
AT5G06160,2,4,0,2,3
AT5G06390,2,2,0,0,0
AT5G07420,2,0,0,0,0
AT5G07470,2,2,2,0,0
AT5G09510,2,4,0,0,0
AT5G09550,2,0,0,0,0
AT5G10560,2,0,0,0,0
AT5G10860,2,0,0,0,2
AT5G11110,2,0,2,0,0
AT5G11490,2,0,0,3,0
AT5G11580,2,6,4,2,0
AT5G12150,2,0,0,0,0
AT5G12410,2,3,2,4,3
AT5G13030,2,5,4,4,0
AT5G13300,2,2,3,2,0
AT5G13430,2,3,2,0,0
AT5G13440,2,3,2,0,0
AT5G13870,2,0,0,0,0
AT5G14040,2,0,0,6,0
AT5G14610,2,2,2,3,0
AT5G14720,2,5,4,5,6
AT5G14800,2,2,0,0,0
AT5G14910,2,2,2,2,0
AT5G15520,2,7,2,2,3
AT5G16310,2,0,0,2,2
AT5G16570,2,5,4,2,3
AT5G17050,2,0,0,0,3
AT5G18110,2,5,2,2,0
AT5G19140,2,0,0,2,0
AT5G19960,2,0,0,0,2
AT5G20040,2,0,0,2,0
AT5G20160,2,4,0,2,0
AT5G20250,2,3,3,0,0
AT5G20710,2,2,2,0,5
AT5G21060,2,0,0,0,0
AT5G24020,2,0,0,2,0
AT5G25220,2,0,0,0,0
AT5G25460,2,0,2,4,0
AT5G26667,2,4,0,4,0
AT5G27120,2,3,4,5,2
AT5G27740,2,0,0,0,0
AT5G28500,2,3,0,0,2
AT5G35790,2,3,4,6,0
AT5G36230,2,4,4,2,2
AT5G39310,2,3,2,0,0
AT5G41680,2,0,0,0,0
AT5G44800,2,0,0,0,0
AT5G46280,2,0,0,0,0
AT5G46800,2,0,0,0,0
AT5G47140,2,0,0,0,0
AT5G47200,2,0,0,0,0
AT5G48160,2,0,0,0,0
AT5G49020,2,0,3,3,0
AT5G49030,2,0,0,0,0
AT5G49360,2,4,2,0,2
AT5G49830,2,2,2,0,0
AT5G50320,2,4,2,0,0
AT5G51070,2,8,3,0,2
AT5G51410,2,0,0,2,0
AT5G51660,2,3,2,4,4
AT5G51720,2,0,0,3,4
AT5G53140,2,2,0,0,0
AT5G54760,2,3,3,3,0
AT5G54940,2,2,2,0,0
AT5G55600,2,3,0,2,3
AT5G56950,2,3,0,3,3
AT5G58030,2,3,2,5,0
AT5G58100,2,0,0,0,0
AT5G58450,2,0,0,3,0
AT5G59890,2,3,4,2,2
AT5G62290,2,2,0,3,2
AT5G62410,2,0,0,0,0
AT5G63190,2,4,0,4,0
AT5G63310,2,0,0,2,3
AT5G63420,2,2,0,3,0
AT5G63530,2,4,0,0,0
AT5G63550,2,0,0,0,0
AT5G64250,2,0,0,2,0
AT5G64270,2,6,2,0,2
AT5G64460,2,3,0,2,0
AT5G65840,2,0,3,3,4
AT5G65950,2,3,0,3,0
AT5G66030,2,0,0,2,0
AT5G66880,2,3,2,3,0
AT5G67100,2,5,3,0,0
AT5G67170,2,0,0,0,0
AT5G67510,2,0,0,0,0
AT5G67590,2,0,0,0,2
ATCG00020,2,0,0,3,2
ATCG00280,2,0,0,2,0
ATCG00540,2,2,0,4,7
ATCG00660,2,2,0,2,4
ATCG00670,2,2,0,2,3
ATCG00810,2,3,0,0,0
AT1G01300,0,7,3,5,0
AT1G01470,0,2,0,0,0
AT1G01730,0,0,0,2,0
AT1G01950,0,3,0,0,0
AT1G01960,0,7,5,4,0
AT1G02305,0,2,2,2,3
AT1G02840,0,4,0,7,0
AT1G02990,0,0,0,0,2
AT1G03060,0,0,0,2,2
AT1G03080,0,2,0,0,0
AT1G03140,0,4,0,0,0
AT1G03220,0,0,2,0,3
AT1G03230,0,2,2,0,4
AT1G03310,0,3,0,0,0
AT1G03330,0,2,0,0,0
AT1G03350,0,0,0,0,2
AT1G03600,0,0,0,0,2
AT1G03710,0,0,3,3,0
AT1G04130,0,3,0,0,0
AT1G04750,0,2,0,0,0
AT1G05190,0,2,0,0,0
AT1G05320,0,2,0,0,0
AT1G06310,0,2,0,0,0
AT1G06500,0,2,0,2,2
AT1G06550,0,2,0,0,0
AT1G07210,0,3,0,0,3
AT1G07990,0,4,0,2,2
AT1G08830,0,0,2,3,2
AT1G09010,0,2,0,2,0
AT1G09060,0,2,0,0,0
AT1G09070,0,2,0,4,2
AT1G09140,0,2,0,0,0
AT1G09230,0,0,0,2,0
AT1G09290,0,2,0,0,0
AT1G09900,0,3,0,0,0
AT1G10230,0,3,2,0,0
AT1G10350,0,0,0,2,0
AT1G10580,0,2,0,2,2
AT1G10620,0,2,0,2,2
AT1G11660,0,3,0,0,0
AT1G12410,0,0,0,0,4
AT1G13180,0,2,0,0,0
AT1G13450,0,0,0,0,2
AT1G13690,0,3,3,2,0
AT1G13930,0,4,3,0,2
AT1G14000,0,2,0,2,0
AT1G14170,0,0,2,0,0
AT1G14610,0,6,0,4,2
AT1G14840,0,0,0,0,3
AT1G14940,0,2,0,0,0
AT1G14980,0,3,0,0,0
AT1G15130,0,3,0,0,0
AT1G15415,0,2,2,2,0
AT1G15480,0,2,0,0,0
AT1G15710,0,2,0,0,0
AT1G15870,0,2,0,2,0
AT1G16870,0,2,0,0,0
AT1G17220,0,2,0,0,0
AT1G17580,0,3,0,0,0
AT1G17640,0,0,0,2,0
AT1G17880,0,0,0,0,3
AT1G17890,0,0,3,0,0
AT1G19850,0,0,0,0,2
AT1G19870,0,4,0,3,0
AT1G19880,0,5,2,4,0
AT1G20140,0,5,0,7,3
AT1G20530,0,0,0,2,0
AT1G20910,0,3,0,4,2
AT1G21065,0,3,2,0,0
AT1G21600,0,5,6,0,0
AT1G21690,0,2,0,0,0
AT1G22270,0,3,0,3,4
AT1G22530,0,2,0,2,0
AT1G22650,0,3,0,0,0
AT1G22940,0,0,2,0,0
AT1G23230,0,2,0,0,0
AT1G23730,0,2,3,3,0
AT1G23870,0,2,2,0,0
AT1G24706,0,2,0,2,3
AT1G26230,0,0,0,2,0
AT1G26470,0,2,0,0,0
AT1G27540,0,2,2,0,0
AT1G28060,0,0,2,0,0
AT1G28420,0,2,0,0,0
AT1G28440,0,2,0,0,0
AT1G29970,0,8,0,0,0
AT1G30480,0,0,0,3,2
AT1G30610,0,2,0,0,0
AT1G30820,0,2,0,0,0
AT1G31160,0,2,0,0,0
AT1G31440,0,0,2,7,0
AT1G31730,0,5,2,0,0
AT1G31812,0,0,0,2,0
AT1G32550,0,2,2,3,0
AT1G32580,0,0,0,2,3
AT1G32730,0,3,2,3,2
AT1G33040,0,0,0,0,2
AT1G35470,0,2,4,3,0
AT1G41830,0,3,0,0,2
AT1G42440,0,3,0,0,0
AT1G47900,0,2,0,2,0
AT1G47980,0,0,0,2,2
AT1G48350,0,3,0,0,0
AT1G48420,0,0,3,3,3
AT1G48480,0,0,0,2,0
AT1G48830,0,2,0,0,0
AT1G48970,0,3,0,0,0
AT1G49040,0,4,2,3,0
AT1G49140,0,0,4,0,0
AT1G49480,0,4,3,3,4
AT1G49540,0,2,0,3,0
AT1G49750,0,0,0,2,0
AT1G50120,0,0,0,4,0
AT1G50140,0,5,0,3,0
AT1G50360,0,2,0,2,0
AT1G50710,0,0,0,2,0
AT1G51060,0,2,0,0,0
AT1G51100,0,0,0,2,0
AT1G51160,0,2,0,0,3
AT1G51400,0,0,0,3,0
AT1G51560,0,5,3,3,4
AT1G52740,0,2,0,0,0
AT1G53645,0,0,0,0,2
AT1G53650,0,2,2,0,0
AT1G53670,0,0,0,3,0
AT1G53880,0,3,0,0,0
AT1G53900,0,3,0,0,0
AT1G54170,0,0,0,0,2
AT1G54450,0,0,0,2,0
AT1G54490,0,2,0,0,0
AT1G55810,0,0,0,3,0
AT1G55890,0,3,0,3,0
AT1G56330,0,2,2,0,0
AT1G56560,0,0,0,2,0
AT1G58080,0,0,0,2,2
AT1G59990,0,2,0,0,0
AT1G60770,0,2,0,0,0
AT1G61010,0,3,7,4,2
AT1G62130,0,0,0,0,2
AT1G63160,0,0,0,2,3
AT1G63640,0,7,0,2,0
AT1G63970,0,0,0,3,2
AT1G64040,0,3,0,0,0
AT1G64370,0,2,0,0,0
AT1G64400,0,0,0,2,0
AT1G64440,0,3,2,0,0
AT1G64980,0,2,0,0,0
AT1G65220,0,0,2,2,0
AT1G65450,0,0,2,3,0
AT1G65650,0,2,0,0,0
AT1G65660,0,0,2,0,0
AT1G66120,0,2,0,0,0
AT1G66260,0,6,3,0,0
AT1G66530,0,0,2,0,0
AT1G66680,0,3,2,3,0
AT1G67630,0,0,0,2,0
AT1G68750,0,3,0,0,0
AT1G69410,0,6,0,4,0
AT1G69510,0,2,2,0,0
AT1G70070,0,8,4,2,0
AT1G70180,0,0,0,0,2
AT1G70410,0,0,4,0,0
AT1G70710,0,2,0,0,0
AT1G70770,0,0,0,3,0
AT1G70850,0,0,0,2,2
AT1G71260,0,3,2,0,0
AT1G71310,0,4,0,2,0
AT1G71860,0,4,0,3,4
AT1G72340,0,6,3,7,3
AT1G72610,0,0,0,0,2
AT1G73110,0,3,3,2,0
AT1G73230,0,0,0,0,3
AT1G73250,0,2,3,2,0
AT1G73450,0,2,2,0,0
AT1G73460,0,3,3,0,0
AT1G73630,0,3,2,0,0
AT1G73720,0,0,0,3,0
AT1G74690,0,5,2,0,0
AT1G75270,0,6,3,5,0
AT1G75280,0,0,0,3,0
AT1G75310,0,0,0,0,2
AT1G75600,0,2,0,0,0
AT1G76140,0,0,0,2,0
AT1G76160,0,4,0,0,3
AT1G76300,0,2,2,4,2
AT1G76810,0,5,4,4,0
AT1G76860,0,2,0,0,0
AT1G77180,0,3,0,2,2
AT1G77670,0,3,0,0,0
AT1G77940,0,6,3,0,2
AT1G78060,0,0,0,0,4
AT1G78280,0,2,0,0,0
AT1G78370,0,0,0,2,5
AT1G78830,0,0,0,0,3
AT1G79440,0,2,4,6,5
AT1G79790,0,0,0,3,0
AT1G79850,0,4,0,0,2
AT1G80380,0,0,0,0,2
AT2G01350,0,3,4,3,0
AT2G02790,0,2,0,0,2
AT2G04630,0,2,0,0,0
AT2G04700,0,0,0,2,0
AT2G05830,0,5,3,3,2
AT2G07734,0,2,2,3,0
AT2G14260,0,3,0,2,0
AT2G15320,0,0,0,0,2
AT2G15620,0,0,0,0,3
AT2G17380,0,0,0,2,2
AT2G17390,0,0,0,4,2
AT2G17510,0,4,0,3,0
AT2G17790,0,0,0,3,0
AT2G17930,0,2,0,0,0
AT2G18040,0,2,3,2,0
AT2G18330,0,0,0,0,3
AT2G18510,0,4,0,2,3
AT2G18990,0,0,2,0,0
AT2G19410,0,2,0,0,0
AT2G19570,0,3,0,3,0
AT2G19640,0,3,2,0,0
AT2G19670,0,0,0,0,2
AT2G19770,0,5,3,2,2
AT2G20260,0,2,2,0,2
AT2G20280,0,4,2,2,0
AT2G20490,0,0,0,0,2
AT2G20760,0,0,2,3,0
AT2G20890,0,2,2,0,3
AT2G21160,0,2,0,0,0
AT2G21270,0,2,0,0,2
AT2G21280,0,2,0,0,0
AT2G21385,0,2,0,0,0
AT2G21580,0,3,0,0,0
AT2G21790,0,3,0,0,0
AT2G22310,0,2,0,0,2
AT2G22360,0,4,0,0,0
AT2G22420,0,3,3,0,0
AT2G22480,0,0,0,0,2
AT2G22780,0,3,2,0,0
AT2G23070,0,3,0,3,0
AT2G23370,0,0,0,2,0
AT2G23420,0,0,2,2,0
AT2G23600,0,0,0,2,0
AT2G23820,0,0,0,2,0
AT2G24050,0,2,0,0,0
AT2G24420,0,0,0,2,3
AT2G25110,0,0,0,2,0
AT2G25540,0,0,0,3,0
AT2G25760,0,0,2,0,0
AT2G25910,0,0,0,2,3
AT2G25970,0,4,0,2,3
AT2G26060,0,3,3,4,0
AT2G26460,0,4,2,0,0
AT2G26780,0,12,5,5,0
AT2G28355,0,3,0,3,0
AT2G28680,0,2,4,6,3
AT2G28720,0,0,0,2,2
AT2G29200,0,2,2,0,0
AT2G29380,0,0,0,2,0
AT2G29630,0,2,0,0,0
AT2G30020,0,0,0,3,0
AT2G30060,0,3,0,4,0
AT2G30360,0,0,0,0,3
AT2G31060,0,3,3,0,0
AT2G31660,0,3,0,2,0
AT2G31750,0,3,0,0,0
AT2G31890,0,2,0,0,0
AT2G31970,0,2,0,0,0
AT2G31980,0,0,2,0,0
AT2G32600,0,0,0,2,0
AT2G32700,0,3,3,3,4
AT2G33120,0,2,0,0,0
AT2G33830,0,0,0,0,2
AT2G33850,0,0,0,0,2
AT2G34300,0,2,0,0,2
AT2G34860,0,0,2,0,0
AT2G35040,0,0,0,0,2
AT2G35605,0,2,3,2,2
AT2G36200,0,0,0,0,2
AT2G36870,0,3,0,0,0
AT2G36950,0,0,5,0,0
AT2G37020,0,0,0,2,0
AT2G37230,0,5,0,0,0
AT2G37340,0,5,4,2,0
AT2G37470,0,0,0,2,2
AT2G37500,0,0,0,0,2
AT2G37670,0,2,0,0,2
AT2G38580,0,3,0,0,0
AT2G38610,0,0,3,0,0
AT2G38660,0,0,0,3,0
AT2G38810,0,2,0,0,0
AT2G39080,0,3,0,3,3
AT2G39260,0,2,0,0,0
AT2G40060,0,2,3,2,0
AT2G40590,0,0,4,5,5
AT2G40980,0,2,2,0,0
AT2G41430,0,2,0,0,0
AT2G41475,0,3,0,0,0
AT2G41540,0,2,3,2,4
AT2G41900,0,2,0,0,0
AT2G42580,0,3,0,0,0
AT2G42690,0,0,0,0,3
AT2G42810,0,2,0,0,0
AT2G43710,0,5,2,3,4
AT2G43900,0,0,0,0,2
AT2G44200,0,3,0,2,0
AT2G44490,0,5,0,0,0
AT2G45240,0,3,0,3,0
AT2G45440,0,2,2,0,0
AT2G45600,0,2,0,6,2
AT2G45800,0,2,2,0,0
AT2G45820,0,4,0,0,0
AT2G46340,0,0,0,0,2
AT2G46560,0,4,3,2,0
AT2G46580,0,0,0,2,0
AT2G46780,0,0,0,2,0
AT2G46820,0,0,0,2,3
AT2G47210,0,5,4,3,0
AT2G47390,0,3,0,2,0
AT2G47400,0,3,0,0,0
AT2G47450,0,2,0,0,0
AT2G47690,0,0,0,3,2
AT2G47850,0,3,0,3,0
AT2G47960,0,0,0,3,0
AT2G47970,0,0,2,3,0
AT3G01120,0,0,0,3,0
AT3G01320,0,0,2,2,2
AT3G01460,0,3,0,3,0
AT3G01910,0,4,0,0,0
AT3G02180,0,0,0,0,3
AT3G02320,0,0,2,0,2
AT3G02480,0,2,0,0,0
AT3G02560,0,4,0,0,0
AT3G02920,0,0,2,0,0
AT3G03150,0,2,0,0,0
AT3G04290,0,6,0,0,0
AT3G04880,0,2,0,0,0
AT3G04940,0,0,0,0,3
AT3G05000,0,6,4,5,4
AT3G05190,0,3,0,0,0
AT3G05680,0,7,2,2,0
AT3G05935,0,0,2,0,0
AT3G05970,0,2,0,0,0
AT3G06010,0,6,2,2,5
AT3G06410,0,3,0,0,0
AT3G06480,0,4,2,0,0
AT3G06510,0,2,0,0,3
AT3G06730,0,4,4,4,2
AT3G06820,0,2,3,2,0
AT3G06930,0,0,2,0,3
AT3G07000,0,0,0,2,0
AT3G07050,0,3,0,0,0
AT3G07390,0,3,2,0,0
AT3G07480,0,4,4,2,4
AT3G07590,0,2,3,3,0
AT3G07660,0,5,3,2,0
AT3G07720,0,2,2,0,0
AT3G07880,0,3,0,0,0
AT3G08010,0,0,0,2,0
AT3G08020,0,2,0,0,0
AT3G08560,0,0,0,4,0
AT3G08740,0,0,0,0,3
AT3G08780,0,0,0,2,0
AT3G08940,0,0,0,2,0
AT3G08943,0,4,2,4,0
AT3G08947,0,5,2,4,0
AT3G09100,0,3,0,0,0
AT3G09430,0,0,0,0,2
AT3G10160,0,2,2,0,0
AT3G10340,0,5,5,2,2
AT3G10350,0,0,0,2,0
AT3G10410,0,0,2,2,3
AT3G10490,0,2,0,0,0
AT3G10650,0,2,0,4,0
AT3G10670,0,0,0,2,0
AT3G11200,0,2,0,2,0
AT3G11250,0,0,0,8,6
AT3G11780,0,0,2,0,0
AT3G11980,0,0,0,2,0
AT3G12010,0,3,0,0,0
AT3G12050,0,4,2,2,0
AT3G12270,0,0,2,0,2
AT3G12370,0,0,0,0,3
AT3G12380,0,3,0,0,0
AT3G12700,0,2,0,0,0
AT3G12810,0,3,0,0,0
AT3G13060,0,3,0,4,3
AT3G13222,0,0,0,0,3
AT3G13235,0,0,0,0,2
AT3G13330,0,2,0,0,0
AT3G13750,0,0,0,0,2
AT3G13940,0,2,2,0,0
AT3G13990,0,3,0,0,2
AT3G14172,0,2,2,2,0
AT3G14920,0,2,0,0,3
AT3G15180,0,7,4,5,0
AT3G15360,0,0,0,0,2
AT3G15590,0,5,3,2,0
AT3G15610,0,0,3,0,0
AT3G15970,0,3,0,0,5
AT3G16050,0,2,0,0,0
AT3G16170,0,4,4,4,2
AT3G17590,0,6,2,0,0
AT3G17710,0,0,0,2,0
AT3G17810,0,2,0,5,0
AT3G17850,0,2,2,2,0
AT3G18165,0,2,3,2,0
AT3G18390,0,2,0,0,0
AT3G18410,0,0,0,0,3
AT3G18640,0,0,0,2,0
AT3G18680,0,2,0,2,0
AT3G19130,0,2,3,3,0
AT3G19230,0,0,0,2,0
AT3G19310,0,0,0,2,0
AT3G19390,0,2,3,3,0
AT3G19420,0,2,0,0,0
AT3G19740,0,6,2,0,0
AT3G19770,0,3,0,0,0
AT3G19810,0,0,0,2,0
AT3G19960,0,2,0,3,0
AT3G20550,0,2,2,2,0
AT3G20970,0,0,0,2,0
AT3G21290,0,0,2,0,0
AT3G21300,0,2,0,0,0
AT3G21350,0,0,0,2,0
AT3G21990,0,0,0,2,0
AT3G22170,0,2,0,2,0
AT3G22380,0,2,0,0,0
AT3G22420,0,0,0,2,0
AT3G22680,0,0,0,3,0
AT3G22850,0,0,3,0,2
AT3G23390,0,2,0,0,0
AT3G23660,0,3,2,2,2
AT3G23700,0,0,0,4,2
AT3G23830,0,5,3,5,2
AT3G23840,0,0,0,3,0
AT3G23900,0,2,0,0,0
AT3G23940,0,0,0,0,2
AT3G24080,0,3,0,0,0
AT3G24530,0,3,0,0,0
AT3G24870,0,2,0,0,0
AT3G24880,0,2,0,0,0
AT3G25050,0,3,0,4,3
AT3G25220,0,2,2,3,2
AT3G25265,0,0,0,0,2
AT3G25545,0,0,0,2,0
AT3G25580,0,0,2,0,0
AT3G26740,0,0,0,3,0
AT3G27000,0,2,3,0,0
AT3G27050,0,2,0,0,0
AT3G27925,0,3,3,3,2
AT3G28030,0,3,0,0,0
AT3G28510,0,2,0,0,0
AT3G28700,0,0,0,2,0
AT3G29160,0,2,0,2,0
AT3G29350,0,2,0,0,3
AT3G33520,0,2,0,0,0
AT3G33530,0,0,2,0,0
AT3G42940,0,2,2,0,0
AT3G42960,0,0,0,2,0
AT3G43800,0,2,0,2,3
AT3G44100,0,0,0,0,2
AT3G44590,0,5,0,0,3
AT3G44620,0,0,0,3,0
AT3G44720,0,0,0,0,3
AT3G45010,0,3,0,0,0
AT3G45980,0,0,0,2,2
AT3G46460,0,4,4,0,0
AT3G46580,0,0,0,0,2
AT3G47120,0,0,0,2,3
AT3G48530,0,0,3,4,0
AT3G48800,0,2,0,0,0
AT3G48860,0,3,0,0,0
AT3G48890,0,0,0,0,2
AT3G49140,0,2,0,0,0
AT3G49600,0,2,0,3,0
AT3G49660,0,2,0,0,0
AT3G49870,0,2,0,0,0
AT3G49990,0,0,2,2,2
AT3G50000,0,3,3,3,0
AT3G51840,0,0,0,4,0
AT3G52115,0,3,0,0,0
AT3G52630,0,2,0,0,0
AT3G53140,0,0,0,0,2
AT3G53260,0,12,8,4,0
AT3G53500,0,2,0,0,0
AT3G53620,0,0,0,0,2
AT3G54170,0,2,0,0,0
AT3G54250,0,2,2,3,0
AT3G54460,0,0,2,0,0
AT3G54560,0,2,0,0,0
AT3G54610,0,3,0,2,0
AT3G55000,0,2,0,0,0
AT3G55010,0,2,0,2,2
AT3G55140,0,0,0,2,0
AT3G55460,0,2,0,2,0
AT3G55770,0,0,0,0,3
AT3G56460,0,3,0,0,0
AT3G56990,0,2,0,0,0
AT3G57050,0,0,0,0,3
AT3G57150,0,3,0,0,0
AT3G57300,0,3,4,0,0
AT3G58750,0,0,0,0,3
AT3G59020,0,3,0,2,0
AT3G59510,0,2,0,0,0
AT3G59820,0,0,0,0,2
AT3G59920,0,5,0,0,0
AT3G59990,0,2,2,0,0
AT3G60245,0,2,2,0,3
AT3G60330,0,0,0,2,4
AT3G60370,0,2,0,2,0
AT3G60880,0,2,2,0,0
AT3G61200,0,0,0,0,4
AT3G61430,0,0,3,0,0
AT3G61490,0,2,0,0,0
AT3G61710,0,2,2,0,0
AT3G61820,0,4,2,4,2
AT3G62240,0,3,2,0,0
AT3G62300,0,0,2,0,0
AT3G62410,0,3,0,2,0
AT3G62560,0,2,2,0,0
AT3G62790,0,0,0,3,2
AT3G62900,0,0,0,0,2
AT3G62940,0,0,0,2,0
AT3G63130,0,2,2,0,0
AT3G63170,0,0,0,2,0
AT3G63500,0,2,0,3,0
AT4G00165,0,2,0,0,0
AT4G00430,0,2,3,0,0
AT4G00490,0,3,4,4,7
AT4G00830,0,0,0,3,2
AT4G01050,0,2,0,0,0
AT4G01070,0,4,0,0,0
AT4G01400,0,0,0,2,0
AT4G01500,0,2,0,0,0
AT4G01800,0,2,0,0,0
AT4G01810,0,2,0,0,0
AT4G02060,0,4,3,0,3
AT4G02350,0,3,0,0,0
AT4G02450,0,0,0,2,0
AT4G03110,0,0,2,0,0
AT4G03210,0,0,0,2,0
AT4G04180,0,0,0,2,0
AT4G04670,0,4,0,0,0
AT4G04800,0,0,3,2,0
AT4G04920,0,2,0,0,0
AT4G06634,0,6,3,3,2
AT4G08870,0,5,0,2,4
AT4G09040,0,2,3,0,0
AT4G09980,0,3,3,0,0
AT4G10110,0,0,0,3,0
AT4G10150,0,0,3,0,0
AT4G10570,0,0,2,0,0
AT4G10590,0,0,2,0,0
AT4G10700,0,2,0,0,0
AT4G10760,0,0,2,0,0
AT4G10790,0,2,0,0,3
AT4G11030,0,0,0,2,0
AT4G11240,0,0,0,0,2
AT4G11270,0,2,0,0,0
AT4G11485,0,2,0,0,0
AT4G11600,0,2,2,0,0
AT4G12290,0,5,0,0,0
AT4G12790,0,6,3,2,0
AT4G13230,0,2,0,0,0
AT4G13340,0,0,0,2,0
AT4G13360,0,0,0,0,2
AT4G13570,0,2,0,0,0
AT4G13670,0,0,0,0,7
AT4G14040,0,0,0,0,2
AT4G14110,0,2,2,3,3
AT4G14680,0,3,4,4,5
AT4G14930,0,0,0,2,0
AT4G15560,0,4,0,4,2
AT4G15640,0,0,2,0,0
AT4G15900,0,2,0,0,0
AT4G15950,0,4,0,0,0
AT4G16340,0,5,7,4,0
AT4G16630,0,0,0,2,0
AT4G16860,0,0,0,0,3
AT4G16920,0,0,2,0,3
AT4G16950,0,0,0,0,3
AT4G17090,0,0,0,0,2
AT4G17140,0,2,0,0,0
AT4G17330,0,6,3,0,3
AT4G17560,0,5,0,0,0
AT4G18130,0,0,3,0,0
AT4G20130,0,7,3,2,2
AT4G20260,0,3,0,0,0
AT4G20400,0,2,0,0,0
AT4G20670,0,0,0,2,0
AT4G21580,0,0,0,0,2
AT4G21670,0,0,3,3,6
AT4G21800,0,0,0,2,0
AT4G22010,0,2,0,0,2
AT4G22220,0,3,2,3,3
AT4G22320,0,2,2,2,2
AT4G22360,0,2,0,0,0
AT4G22930,0,2,0,2,0
AT4G23500,0,2,0,0,0
AT4G24500,0,0,0,2,0
AT4G24680,0,6,7,6,7
AT4G25835,0,0,2,0,0
AT4G26070,0,3,2,3,0
AT4G26300,0,0,2,0,0
AT4G26630,0,0,0,0,2
AT4G26760,0,3,5,5,0
AT4G27070,0,0,0,0,3
AT4G27180,0,4,0,0,0
AT4G27230,0,2,0,0,0
AT4G27430,0,2,0,0,0
AT4G27520,0,0,2,2,0
AT4G27560,0,2,2,0,2
AT4G27570,0,2,2,0,2
AT4G27595,0,2,0,0,0
AT4G27960,0,2,0,0,2
AT4G28250,0,2,0,0,0
AT4G28300,0,2,2,2,2
AT4G28730,0,5,2,0,0
AT4G29220,0,5,0,2,2
AT4G29380,0,6,2,2,4
AT4G30010,0,0,0,0,2
AT4G30340,0,0,0,2,0
AT4G30610,0,2,0,0,2
AT4G30720,0,3,0,0,0
AT4G30840,0,3,2,2,0
AT4G30890,0,2,0,0,0
AT4G30930,0,2,0,0,0
AT4G31200,0,0,0,2,0
AT4G31360,0,2,0,2,0
AT4G31430,0,2,0,0,0
AT4G31840,0,4,0,2,2
AT4G31880,0,2,2,0,0
AT4G32640,0,2,2,0,0
AT4G32840,0,4,3,2,0
AT4G33090,0,3,2,0,2
AT4G33150,0,3,0,2,2
AT4G34138,0,0,0,2,0
AT4G34260,0,2,0,0,0
AT4G34555,0,3,0,0,0
AT4G34980,0,2,0,0,0
AT4G35050,0,2,2,0,0
AT4G35410,0,0,0,2,2
AT4G36680,0,2,0,0,0
AT4G36810,0,3,0,0,0
AT4G36940,0,0,2,2,0
AT4G37200,0,0,0,0,3
AT4G37510,0,2,0,0,0
AT4G38220,0,0,2,0,0
AT4G38930,0,0,0,0,2
AT4G39040,0,4,0,0,0
AT4G39200,0,4,0,0,0
AT4G39420,0,3,0,2,0
AT4G39730,0,2,0,0,0
AT4G39910,0,2,0,0,2
AT4G39960,0,5,0,3,0
AT4G40030,0,2,0,0,0
AT4G40040,0,2,0,0,0
AT5G01010,0,2,0,0,0
AT5G01400,0,0,2,0,0
AT5G01650,0,5,0,0,0
AT5G02280,0,0,0,3,2
AT5G02570,0,0,0,2,2
AT5G02610,0,0,2,2,3
AT5G02810,0,2,0,0,0
AT5G03040,0,3,0,3,0
AT5G03455,0,0,0,2,0
AT5G03630,0,2,0,0,0
AT5G04280,0,0,2,4,0
AT5G04810,0,4,0,0,0
AT5G04885,0,0,0,0,2
AT5G05470,0,0,0,2,0
AT5G05920,0,3,0,2,0
AT5G06680,0,2,0,0,0
AT5G06970,0,6,4,3,0
AT5G07530,0,0,0,0,2
AT5G07660,0,3,0,0,0
AT5G07980,0,2,0,0,0
AT5G08050,0,0,0,2,0
AT5G08120,0,0,0,3,0
AT5G08180,0,2,2,0,3
AT5G08470,0,2,0,0,0
AT5G08590,0,0,0,3,2
AT5G09440,0,2,0,0,0
AT5G09450,0,0,0,2,0
AT5G09700,0,2,0,2,0
AT5G09880,0,3,3,7,2
AT5G10010,0,5,0,0,0
AT5G10300,0,3,2,0,0
AT5G10470,0,3,4,2,0
AT5G10630,0,0,0,0,2
AT5G10980,0,2,0,0,0
AT5G11340,0,3,2,0,2
AT5G11470,0,2,0,0,0
AT5G11720,0,4,3,0,2
AT5G11810,0,2,0,0,0
AT5G13050,0,0,3,0,0
AT5G13310,0,4,0,2,0
AT5G13420,0,2,0,0,5
AT5G13480,0,0,0,2,0
AT5G13970,0,0,0,2,0
AT5G14030,0,2,2,2,2
AT5G14260,0,2,0,0,0
AT5G14540,0,0,0,3,0
AT5G15270,0,3,4,7,2
AT5G15450,0,0,0,0,2
AT5G15750,0,3,0,0,0
AT5G15810,0,0,0,0,2
AT5G15920,0,0,0,0,2
AT5G16020,0,2,0,0,0
AT5G16590,0,2,0,0,0
AT5G16715,0,5,5,6,4
AT5G16780,0,2,3,0,3
AT5G16940,0,2,0,0,0
AT5G17070,0,2,3,0,0
AT5G17330,0,3,0,0,0
AT5G17380,0,2,0,3,2
AT5G17560,0,3,0,0,0
AT5G18100,0,0,2,3,0
AT5G18230,0,2,0,2,0
AT5G18525,0,5,3,0,0
AT5G18550,0,7,5,4,3
AT5G18580,0,5,0,0,0
AT5G18820,0,2,0,0,2
AT5G19150,0,2,0,0,0
AT5G19310,0,5,0,0,0
AT5G19440,0,0,0,2,0
AT5G19460,0,0,2,0,0
AT5G19820,0,3,0,2,0
AT5G19940,0,2,0,2,0
AT5G20490,0,0,0,3,0
AT5G20950,0,4,0,4,2
AT5G20990,0,2,2,3,0
AT5G21160,0,0,0,2,0
AT5G22040,0,0,2,2,3
AT5G22510,0,0,2,3,2
AT5G22630,0,0,0,0,3
AT5G22640,0,0,0,5,3
AT5G22650,0,2,0,0,0
AT5G22750,0,0,0,0,2
AT5G22760,0,0,0,0,2
AT5G22880,0,0,0,2,2
AT5G23310,0,2,0,0,0
AT5G23880,0,2,4,3,4
AT5G24165,0,3,0,0,0
AT5G24300,0,3,0,0,2
AT5G24470,0,0,3,0,3
AT5G24490,0,4,0,0,0
AT5G24530,0,3,4,0,0
AT5G25060,0,2,4,5,0
AT5G25150,0,3,0,0,0
AT5G25880,0,3,2,0,3
AT5G26210,0,0,0,0,3
AT5G26760,0,2,0,0,0
AT5G27470,0,0,0,0,2
AT5G33370,0,2,0,0,0
AT5G36210,0,3,0,0,0
AT5G37020,0,0,3,0,0
AT5G37190,0,0,0,2,0
AT5G39493,0,0,0,0,2
AT5G40440,0,3,2,0,0
AT5G40770,0,0,0,0,2
AT5G41190,0,0,2,0,0
AT5G41700,0,2,0,0,2
AT5G42100,0,4,0,2,0
AT5G42390,0,3,0,0,0
AT5G42470,0,2,0,0,0
AT5G42540,0,0,2,0,0
AT5G42890,0,0,0,0,2
AT5G42920,0,2,0,0,0
AT5G43070,0,2,0,0,0
AT5G43500,0,0,0,0,2
AT5G43830,0,0,0,3,0
AT5G44070,0,0,0,2,0
AT5G45010,0,3,0,0,0
AT5G45140,0,0,0,0,2
AT5G45170,0,0,0,0,2
AT5G45280,0,0,0,0,2
AT5G45670,0,0,2,0,0
AT5G46020,0,0,2,0,0
AT5G46210,0,4,0,0,0
AT5G46310,0,2,0,0,0
AT5G46420,0,6,3,0,0
AT5G46630,0,0,0,3,0
AT5G46790,0,0,0,2,0
AT5G47030,0,3,0,0,0
AT5G47040,0,0,0,4,0
AT5G47190,0,5,0,2,2
AT5G47890,0,0,2,0,0
AT5G48370,0,3,0,0,0
AT5G48650,0,5,2,4,0
AT5G48810,0,4,2,2,0
AT5G49650,0,2,0,2,5
AT5G49880,0,0,0,4,0
AT5G51430,0,0,0,2,0
AT5G51550,0,2,0,0,0
AT5G51795,0,0,2,0,0
AT5G51970,0,2,3,4,4
AT5G51980,0,3,0,2,0
AT5G52200,0,2,0,3,0
AT5G52240,0,2,0,2,0
AT5G52820,0,2,0,0,0
AT5G53000,0,5,3,3,0
AT5G53120,0,0,0,2,0
AT5G53300,0,2,0,0,2
AT5G53350,0,2,2,0,0
AT5G53400,0,3,0,0,0
AT5G53530,0,2,0,5,0
AT5G53560,0,3,3,2,2
AT5G54260,0,0,0,2,0
AT5G54510,0,2,0,0,0
AT5G54600,0,3,0,0,0
AT5G54640,0,2,0,0,0
AT5G54810,0,0,0,0,3
AT5G55190,0,0,0,0,11
AT5G55210,0,2,0,0,0
AT5G55220,0,3,0,4,4
AT5G56260,0,0,0,0,2
AT5G56900,0,0,0,3,0
AT5G56940,0,3,0,0,0
AT5G57330,0,4,0,0,0
AT5G57370,0,2,0,0,2
AT5G57410,0,0,0,2,0
AT5G58410,0,0,0,2,0
AT5G58470,0,3,2,4,2
AT5G58590,0,4,0,3,2
AT5G58710,0,4,0,0,2
AT5G59120,0,4,0,0,0
AT5G59420,0,0,0,2,0
AT5G59910,0,0,0,2,2
AT5G60540,0,6,2,5,3
AT5G60940,0,2,3,5,0
AT5G60990,0,5,0,2,0
AT5G61140,0,0,2,0,0
AT5G61605,0,0,0,0,2
AT5G62670,0,2,0,4,2
AT5G62930,0,2,0,4,0
AT5G63400,0,0,0,0,2
AT5G63650,0,0,0,2,2
AT5G63670,0,4,0,0,2
AT5G63960,0,2,0,0,0
AT5G64130,0,2,2,0,0
AT5G64140,0,0,0,0,2
AT5G65220,0,3,0,0,0
AT5G66860,0,0,0,0,2
AT5G67380,0,4,3,3,0
AT5G67560,0,2,0,0,0
ATCG00160,0,5,2,2,0
ATCG00270,0,0,0,3,0
ATCG00330,0,2,3,0,0
ATCG00650,0,2,0,2,0
ATCG00680,0,0,0,4,0
ATCG00820,0,4,0,0,0
ATCG01110,0,0,0,2,0
ATCG01120,0,2,0,0,0
ATMG00290,0,2,2,3,0
